2
60
33
15
1 1
1 3 224 13 39 42
2 1
2 3 219 36 42 55
3 0
4 1
4 2 389 1 4
5 1
5 6 470 4 5 18 26 29 46
6 3
6 3 581 34 37 46
6 3 752 32 37 46
6 3 580 32 34 37
7 5
7 5 600 11 33 37 58 59
7 5 601 2 11 33 58 59
7 5 674 2 33 37 58 59
7 5 657 2 11 37 58 59
7 5 595 2 11 33 37 58
8 5
8 5 645 9 10 30 53 59
8 5 751 9 30 43 53 59
8 5 662 10 30 43 53 59
8 5 714 9 10 43 53 59
8 5 640 9 10 30 43 59
9 0
10 3
10 4 782 25 31 41 53
10 4 769 25 31 41 56
10 4 780 25 31 53 56
11 2
11 5 875 3 14 51 52 56
11 5 880 14 16 51 52 56
12 2
12 3 861 12 38 52
12 3 1155 12 52 54
13 4
13 4 1450 17 40 45 57
13 4 1442 12 17 45 57
13 4 1500 12 17 40 57
13 4 1514 12 40 45 57
14 3
14 5 1459 8 22 27 45 48
14 5 1548 8 22 45 47 48
14 5 1519 8 27 45 47 48
15 2
15 11 2030 6 7 15 19 20 23 24 27 35 44 49
15 11 2094 6 15 20 23 24 27 35 44 49 50 60
