2
200
301
100
1 2
1 1 197 94
1 1 181 129
2 4
2 4 191 34 87 129 196
2 4 71 16 19 34 87
2 4 52 19 34 87 196
2 4 146 19 34 129 196
3 2
3 1 59 28
3 1 93 26
4 2
4 1 69 196
4 1 49 104
5 3
5 2 100 104 157
5 2 64 157 179
5 2 247 104 179
6 2
6 1 115 36
6 1 129 179
7 4
7 5 118 36 56 70 116 154
7 5 177 23 36 56 62 70
7 5 242 23 62 70 116 154
7 5 139 36 56 62 70 154
8 0
9 7
9 1 139 36
9 1 113 12
9 1 195 27
9 1 143 35
9 1 86 61
9 1 149 57
9 1 126 33
10 3
10 2 174 64 67
10 2 157 67 137
10 2 121 64 137
11 2
11 1 178 50
11 1 197 64
12 2
12 1 209 50
12 1 249 55
13 6
13 3 236 79 83 126
13 3 179 55 79 141
13 3 229 83 126 141
13 3 243 55 79 83
13 3 202 55 126 141
13 3 263 55 83 126
14 4
14 3 177 65 146 158
14 3 212 65 126 146
14 3 168 125 126 146
14 3 240 125 126 158
15 3
15 3 357 144 158 169
15 3 247 144 169 188
15 3 180 144 151 169
16 3
16 2 297 59 144
16 2 259 3 59
16 2 217 3 144
17 2
17 3 190 59 80 172
17 3 331 80 172 198
18 2
18 1 264 80
18 1 267 123
19 2
19 1 396 142
19 1 240 123
20 4
20 1 260 102
20 1 233 118
20 1 278 105
20 1 232 61
21 2
21 1 260 91
21 1 322 142
22 3
22 2 329 91 175
22 2 318 38 175
22 2 289 38 91
23 4
23 5 327 47 73 76 136 175
23 5 383 47 73 76 170 175
23 5 440 47 73 136 170 175
23 5 538 25 47 73 76 175
24 2
24 1 388 136
24 1 329 71
25 2
25 1 301 31
25 1 441 71
26 4
26 6 332 31 90 108 155 156 168
26 6 349 31 139 155 156 168 177
26 6 378 90 108 139 155 156 177
26 6 340 90 139 155 156 168 177
27 1
27 1 331 131
28 1
28 1 370 131
29 2
29 1 526 133
29 1 323 182
30 2
30 3 321 69 111 160
30 3 463 69 111 133
31 6
31 1 412 20
31 1 374 83
31 1 359 66
31 1 416 88
31 1 379 13
31 1 402 73
32 2
32 1 428 165
32 1 724 111
33 5
33 1 432 120
33 1 469 64
33 1 469 161
33 1 461 57
33 1 521 3
34 4
34 5 390 41 42 148 163 165
34 5 497 29 41 42 163 165
34 5 438 29 41 148 163 195
34 5 411 29 148 163 165 195
35 1
35 2 462 10 148
36 3
36 1 458 135
36 1 522 160
36 1 405 126
37 2
37 1 465 159
37 1 520 185
38 3
38 3 577 32 77 159
38 3 552 77 81 159
38 3 443 32 77 81
39 6
39 3 461 57 107 171
39 3 470 57 81 171
39 3 630 18 57 107
39 3 549 18 81 107
39 3 534 81 107 171
39 3 521 18 107 171
40 2
40 2 489 18 109
40 2 737 44 109
41 3
41 2 495 109 187
41 2 550 89 187
41 2 532 89 109
42 2
42 2 593 89 186
42 2 515 63 89
43 3
43 2 530 63 114
43 2 589 114 190
43 2 536 63 190
44 6
44 8 569 1 12 46 48 61 92 115 140
44 8 697 1 12 14 21 46 61 92 190
44 8 666 12 21 46 48 61 115 140 190
44 8 610 1 12 21 46 48 61 92 190
44 8 605 1 14 21 46 48 115 140 190
44 8 730 1 12 14 21 48 61 92 140
45 7
45 1 605 5
45 1 560 10
45 1 735 6
45 1 608 11
45 1 608 4
45 1 766 1
45 1 574 9
46 3
46 2 576 12 180
46 2 557 12 43
46 2 571 43 180
47 2
47 1 647 106
47 1 760 180
48 3
48 3 760 66 99 106
48 3 599 5 66 106
48 3 752 5 99 106
49 5
49 3 620 8 99 118
49 3 573 8 99 102
49 3 684 8 24 102
49 3 575 99 102 118
49 3 626 24 99 118
50 5
50 1 685 5
50 1 826 15
50 1 702 14
50 1 718 12
50 1 655 20
51 2
51 1 678 86
51 1 675 24
52 1
52 3 725 26 86 153
53 4
53 4 836 13 93 153 173
53 4 907 93 98 153 173
53 4 726 98 124 153 173
53 4 678 13 93 98 124
54 1
54 1 835 98
55 2
55 1 736 173
55 1 832 121
56 6
56 1 768 34
56 1 902 52
56 1 779 89
56 1 861 76
56 1 740 70
56 1 829 35
57 2
57 3 729 7 121 161
57 3 819 7 121 181
58 2
58 1 776 166
58 1 954 181
59 3
59 3 822 28 166 192
59 3 812 15 166 192
59 3 849 15 28 166
60 2
60 3 878 58 101 174
60 3 886 174 176 192
61 5
61 1 854 33
61 1 900 3
61 1 945 119
61 1 855 157
61 1 861 64
62 2
62 2 873 119 176
62 2 932 119 162
63 4
63 3 880 52 122 197
63 3 898 122 150 162
63 3 873 52 122 162
63 3 870 52 150 197
64 2
64 1 946 122
64 1 1103 40
65 2
65 1 927 28
65 1 939 2
66 4
66 1 979 3
66 1 1033 36
66 1 1163 16
66 1 1001 23
67 2
67 1 938 40
67 1 979 95
68 2
68 1 994 128
68 1 1057 95
69 5
69 6 998 22 30 37 100 128 130
69 6 1184 22 37 72 100 128 193
69 6 985 22 30 37 100 128 193
69 6 953 22 37 72 100 130 193
69 6 979 22 30 72 128 130 193
70 1
70 1 1028 117
71 2
71 1 1149 184
71 1 1062 117
72 2
72 2 1051 9 184
72 2 1101 9 132
73 1
73 2 1127 9 51
74 1
74 1 1195 51
75 2
75 1 1333 120
75 1 1137 143
76 7
76 1 1143 101
76 1 1142 125
76 1 1190 17
76 1 1134 111
76 1 1139 65
76 1 1314 49
76 1 1276 102
77 7
77 4 1286 143 147 191 200
77 4 1320 143 147 167 200
77 4 1324 147 183 191 200
77 4 1209 143 147 183 200
77 4 1258 143 167 191 200
77 4 1326 147 167 191 200
77 4 1197 147 167 183 191
78 2
78 2 1352 78 85
78 2 1220 85 200
79 5
79 1 1241 57
79 1 1378 42
79 1 1326 25
79 1 1265 47
79 1 1274 24
80 2
80 1 1391 78
80 1 1286 2
81 3
81 2 1585 2 164
81 2 1414 2 97
81 2 1445 97 164
82 2
82 1 1391 97
82 1 1509 127
83 5
83 3 1343 68 113 145
83 3 1396 60 68 145
83 3 1370 60 68 113
83 3 1429 60 113 145
83 3 1391 60 113 127
84 2
84 1 1427 33
84 1 1342 60
85 2
85 2 1554 4 33
85 2 1448 33 74
86 5
86 4 1599 103 110 112 138
86 4 1470 27 74 103 138
86 4 1588 74 103 110 112
86 4 1484 27 74 112 138
86 4 1571 74 103 110 138
87 3
87 1 1490 77
87 1 1487 4
87 1 1604 123
88 2
88 2 1753 138 149
88 2 1566 105 138
89 6
89 1 1751 36
89 1 1826 18
89 1 1670 25
89 1 1842 86
89 1 1659 60
89 1 1694 85
90 3
90 1 1685 5
90 1 1832 14
90 1 1653 51
91 2
91 1 1644 53
91 1 1665 105
92 5
92 3 1705 75 88 178
92 3 1666 53 88 96
92 3 1683 75 88 96
92 3 1698 53 75 88
92 3 1673 53 88 178
93 3
93 2 1837 49 135
93 2 1721 49 75
93 2 1676 75 135
94 1
94 3 1840 35 84 194
95 5
95 1 1817 6
95 1 1821 9
95 1 1854 17
95 1 1885 8
95 1 1914 15
96 3
96 2 2079 45 134
96 2 1917 17 134
96 2 1878 17 45
97 2
97 1 1955 189
97 1 2079 134
98 2
98 1 2139 11
98 1 2094 189
99 2
99 1 2215 54
99 1 2280 11
100 3
100 2 2466 39 152
100 2 2468 39 54
100 2 2504 54 152
