7
750
1116
100
1 7
1 1 153 5
1 1 38 1
1 1 119 7
1 1 142 9
1 1 28 8
1 1 36 3
1 1 114 10
2 11
2 4 38 10 232 673 691
2 4 113 10 261 436 691
2 4 59 232 261 436 691
2 4 58 232 261 436 673
2 4 76 261 436 673 691
2 4 231 10 261 436 673
2 4 147 10 232 436 673
2 4 129 10 232 261 691
2 4 120 10 261 673 691
2 4 90 10 436 673 691
2 4 97 10 232 261 673
3 4
3 3 203 436 610 741
3 3 152 436 622 741
3 3 183 436 610 622
3 3 162 610 622 741
4 8
4 3 51 99 509 610
4 3 141 44 99 509
4 3 129 44 509 610
4 3 67 125 509 610
4 3 136 99 125 610
4 3 148 99 125 509
4 3 100 44 125 509
4 3 37 44 99 610
5 2
5 1 282 607
5 1 84 509
6 25
6 23 172 18 43 65 126 145 146 167 179 185 198 220 256 306 326 386 403 451 539 568 575 607 714 730
6 23 67 18 43 82 91 120 144 145 146 153 179 185 198 220 279 326 327 403 451 539 568 575 714 730
6 23 99 18 43 65 91 120 126 144 145 167 179 198 220 256 279 306 326 327 451 478 575 607 714 730
6 23 100 18 82 91 120 126 144 145 153 167 179 185 198 220 256 279 386 451 478 539 568 575 714 730
6 23 79 18 43 65 82 120 126 144 145 146 167 179 185 220 256 306 326 327 386 403 539 575 714 730
6 23 74 18 43 82 91 126 145 153 167 179 198 220 256 279 306 386 403 478 539 568 575 607 714 730
6 23 123 43 65 120 126 144 145 153 179 185 220 256 279 306 327 386 403 451 478 539 575 607 714 730
6 23 104 18 43 65 126 146 153 167 179 185 220 256 279 306 326 327 386 403 478 539 568 575 607 730
6 23 113 43 65 82 91 120 126 144 145 146 179 198 220 256 279 327 386 451 478 539 568 575 607 714
6 23 117 43 65 82 91 120 126 144 145 146 153 167 185 256 279 306 386 403 451 478 568 575 607 730
6 23 134 18 65 91 120 126 145 146 153 185 198 256 306 326 327 386 403 478 539 568 575 607 714 730
6 23 86 18 43 65 82 120 126 146 153 167 179 220 256 279 306 326 386 451 539 568 575 607 714 730
6 23 57 18 65 91 144 145 146 153 167 179 185 198 256 279 306 326 327 403 451 568 575 607 714 730
6 23 237 43 65 91 120 126 144 153 167 179 185 198 220 256 279 326 327 403 451 478 575 607 714 730
6 23 164 18 82 91 120 126 144 145 146 153 179 185 198 256 279 306 386 403 451 478 568 575 714 730
6 23 75 18 43 65 82 91 120 126 144 145 146 179 198 220 279 306 327 386 451 478 539 575 607 714
6 23 234 43 65 91 126 146 153 167 185 220 256 279 306 326 327 386 403 451 478 539 568 575 607 730
6 23 63 43 65 120 126 153 167 179 185 220 256 306 326 327 386 403 451 478 539 568 575 607 714 730
6 23 166 18 43 82 91 120 144 145 146 167 179 198 220 279 326 327 386 403 451 539 568 575 714 730
6 23 51 43 65 91 126 144 145 153 167 179 185 198 220 279 306 326 386 403 451 478 539 568 575 607
6 23 126 18 43 91 120 126 144 145 146 153 179 185 198 306 327 386 451 478 539 568 575 607 714 730
6 23 142 18 43 82 120 126 144 145 146 153 167 179 185 256 306 326 386 451 478 568 575 607 714 730
6 23 133 18 43 82 91 120 126 145 146 167 185 198 220 306 327 386 403 451 478 539 568 575 714 730
6 23 140 18 43 65 91 120 126 146 167 179 185 198 220 256 306 326 327 386 451 478 539 568 607 730
6 23 108 18 43 65 82 91 120 144 145 146 153 167 220 256 279 306 327 386 403 478 539 568 607 730
7 2
7 1 67 730
7 1 143 740
8 2
8 1 73 488
8 1 77 740
9 2
9 1 236 641
9 1 89 488
10 12
10 1 177 289
10 1 175 449
10 1 354 610
10 1 134 392
10 1 131 391
10 1 172 531
10 1 147 326
10 1 164 413
10 1 101 70
10 1 147 291
10 1 122 66
10 1 104 598
11 4
11 3 184 106 347 641
11 3 272 81 106 347
11 3 240 81 347 641
11 3 135 81 106 641
12 3
12 2 334 347 376
12 2 236 347 678
12 2 201 376 678
13 4
13 3 197 169 273 678
13 3 206 169 273 723
13 3 251 273 678 723
13 3 225 169 678 723
14 24
14 21 214 3 33 109 116 132 229 339 355 406 411 439 445 469 559 576 629 637 657 669 698 726
14 21 210 3 28 33 45 109 116 229 260 406 411 439 445 469 496 506 559 637 657 669 698 723
14 21 188 3 33 45 116 260 355 406 411 439 445 467 469 496 506 559 576 629 637 657 698 723
14 21 217 28 33 45 109 116 229 260 339 406 411 439 445 467 469 506 559 576 629 637 698 723
14 21 172 28 45 109 116 132 355 406 411 467 469 496 506 559 576 629 637 657 669 698 723 726
14 21 296 28 33 116 132 229 339 355 406 411 445 467 469 496 506 589 629 637 657 669 723 726
14 21 215 3 28 33 109 116 229 260 339 355 439 445 467 469 496 506 559 589 657 698 723 726
14 21 176 3 28 45 109 116 132 260 339 355 406 439 467 469 496 589 637 657 669 698 723 726
14 21 313 33 109 116 132 229 260 355 406 411 439 469 496 506 576 589 629 637 657 698 723 726
14 21 209 3 33 109 229 260 355 406 411 439 445 496 506 559 576 589 629 637 657 669 723 726
14 21 258 3 28 33 45 109 132 229 260 339 355 406 411 439 469 496 506 576 589 637 657 669
14 21 361 3 28 45 116 132 229 339 355 411 445 467 469 496 506 559 576 629 637 657 698 726
14 21 283 3 28 33 45 132 229 260 339 406 411 445 467 506 559 576 589 629 657 669 723 726
14 21 192 3 28 109 116 132 229 260 339 355 406 411 439 467 469 496 559 657 669 698 723 726
14 21 203 28 33 45 109 132 339 355 411 445 467 469 506 559 576 589 629 637 669 698 723 726
14 21 218 3 33 45 109 116 132 229 260 339 355 406 445 467 469 496 559 576 589 629 698 726
14 21 233 3 33 109 116 132 229 260 339 355 406 439 445 469 496 629 637 657 669 698 723 726
14 21 191 3 28 45 109 116 132 229 260 339 355 439 445 467 469 506 559 576 629 698 723 726
14 21 347 3 28 33 116 132 229 260 339 411 439 467 469 496 506 559 576 589 629 637 669 723
14 21 266 45 109 116 132 229 339 355 406 411 439 445 467 469 506 559 576 589 657 698 723 726
14 21 176 3 33 45 109 116 132 229 260 339 355 411 439 445 467 469 576 589 629 637 657 698
14 21 188 3 28 33 109 132 229 260 339 355 439 467 506 559 576 589 629 637 669 698 723 726
14 21 279 3 28 33 45 109 132 229 260 406 411 439 445 496 506 576 589 629 637 657 723 726
14 21 313 3 28 33 45 116 229 406 411 439 445 467 469 506 559 576 589 629 657 669 698 723
15 3
15 2 249 151 275
15 2 304 33 151
15 2 169 33 275
16 20
16 1 210 256
16 1 255 88
16 1 194 35
16 1 186 17
16 1 229 136
16 1 258 117
16 1 363 90
16 1 284 62
16 1 199 164
16 1 223 192
16 1 273 259
16 1 338 171
16 1 192 197
16 1 205 239
16 1 323 8
16 1 214 44
16 1 224 264
16 1 300 270
16 1 226 86
16 1 178 258
17 4
17 3 320 275 427 493
17 3 193 275 427 687
17 3 324 275 493 687
17 3 325 427 493 687
18 3
18 2 279 237 493
18 2 367 93 493
18 2 242 93 237
19 19
19 15 346 86 93 94 100 123 223 259 374 504 548 582 605 612 619 683
19 15 269 71 86 93 94 123 212 223 417 504 548 582 585 605 612 683
19 15 244 86 93 94 100 123 171 223 259 374 548 582 585 605 612 683
19 15 273 86 93 94 100 123 223 259 374 417 481 504 548 582 585 605
19 15 333 86 123 171 212 223 259 374 417 481 504 548 585 605 619 683
19 15 271 93 94 123 171 223 374 417 481 504 548 582 605 612 619 683
19 15 219 71 86 93 94 100 171 212 223 259 481 504 582 585 612 619
19 15 244 71 93 94 100 123 171 223 259 504 548 582 585 605 612 683
19 15 245 93 94 100 123 212 223 259 374 481 504 585 605 612 619 683
19 15 207 71 93 94 100 123 171 212 259 481 504 548 582 605 619 683
19 15 222 86 93 94 100 123 171 212 374 504 548 582 585 605 612 619
19 15 373 71 86 93 94 123 171 223 259 374 417 548 585 605 619 683
19 15 270 86 94 100 123 171 212 223 259 374 417 481 548 582 585 612
19 15 268 71 93 100 123 212 223 259 374 481 504 582 585 612 619 683
19 15 328 71 86 93 94 100 123 223 374 417 481 548 582 605 612 619
19 15 204 71 86 93 123 171 212 223 259 374 504 548 582 585 605 683
19 15 318 71 86 93 94 100 123 374 417 481 582 585 605 612 619 683
19 15 297 71 94 123 171 212 223 259 374 417 504 582 585 612 619 683
19 15 267 71 93 94 123 171 212 259 374 417 504 548 582 585 605 619
20 3
20 2 251 585 708
20 2 278 199 708
20 2 374 199 585
21 20
21 10 312 107 199 213 214 283 290 358 361 557 685
21 10 310 199 213 283 358 361 557 561 648 685 731
21 10 253 199 213 214 283 358 361 557 634 648 731
21 10 300 107 213 290 358 557 561 634 648 685 731
21 10 299 107 213 214 283 358 361 557 561 634 648
21 10 271 107 213 283 358 361 557 634 648 685 731
21 10 454 199 214 283 290 358 557 561 634 648 685
21 10 328 199 213 290 358 361 561 634 648 685 731
21 10 275 107 213 214 283 358 557 634 648 685 731
21 10 272 107 199 213 214 290 358 361 557 648 731
21 10 285 107 213 214 283 290 358 557 634 648 731
21 10 293 107 213 214 283 290 358 561 634 648 685
21 10 358 107 213 214 290 358 361 557 634 648 685
21 10 299 107 199 214 283 290 361 561 634 648 731
21 10 331 107 199 213 283 290 358 557 561 634 648
21 10 335 107 199 213 283 358 361 557 634 648 731
21 10 371 107 199 213 214 358 361 561 634 648 731
21 10 252 107 199 214 283 290 361 634 648 685 731
21 10 370 199 213 214 290 358 557 561 634 648 731
21 10 443 199 213 214 283 557 561 634 648 685 731
22 18
22 8 325 7 155 290 440 492 631 651 705
22 8 350 7 30 155 290 440 462 492 546
22 8 297 7 155 440 462 492 631 651 705
22 8 334 155 290 440 492 546 631 651 705
22 8 276 30 155 290 440 492 546 631 651
22 8 253 30 155 462 492 546 631 651 705
22 8 288 7 30 290 440 462 546 651 705
22 8 275 7 155 290 440 462 492 651 705
22 8 316 7 155 290 462 546 631 651 705
22 8 272 30 155 290 462 492 546 631 705
22 8 380 7 30 155 290 440 492 546 651
22 8 252 7 30 155 290 440 492 546 631
22 8 497 30 155 290 440 462 546 651 705
22 8 428 7 30 155 440 462 492 546 651
22 8 330 7 30 290 462 546 631 651 705
22 8 364 155 290 440 462 492 546 651 705
22 8 250 7 30 155 440 462 492 631 705
22 8 309 7 30 155 440 462 546 631 705
23 2
23 1 281 23
23 1 388 492
24 4
24 3 350 336 353 394
24 3 403 23 353 394
24 3 428 23 336 353
24 3 420 23 336 394
25 4
25 3 448 66 394 419
25 3 298 66 244 419
25 3 323 244 394 419
25 3 368 66 244 394
26 2
26 1 345 337
26 1 344 244
27 4
27 3 429 9 210 337
27 3 508 9 162 210
27 3 555 9 162 337
27 3 407 162 210 337
28 21
28 8 511 127 210 225 571 624 632 679 710
28 8 427 63 222 225 397 571 624 679 710
28 8 499 63 127 222 397 571 624 632 679
28 8 523 127 210 222 225 624 632 679 710
28 8 439 63 210 225 397 624 632 679 710
28 8 429 63 127 210 397 571 624 632 710
28 8 517 63 127 222 571 624 632 679 710
28 8 524 63 210 222 225 397 571 624 632
28 8 567 63 127 210 222 397 571 624 679
28 8 464 63 127 210 222 225 571 632 710
28 8 515 63 127 210 222 225 397 679 710
28 8 459 63 225 397 571 624 632 679 710
28 8 501 127 210 222 225 397 624 679 710
28 8 444 63 210 222 397 624 632 679 710
28 8 428 63 127 222 225 571 624 632 679
28 8 449 63 127 225 571 624 632 679 710
28 8 480 63 127 210 225 571 624 679 710
28 8 489 63 127 210 222 225 397 571 679
28 8 554 63 127 210 222 225 397 632 710
28 8 440 127 210 397 571 624 632 679 710
28 8 446 127 210 222 225 571 624 679 710
29 17
29 7 461 233 291 334 432 524 535 579
29 7 606 54 233 291 432 524 535 647
29 7 488 63 233 334 432 524 579 647
29 7 511 54 63 233 291 432 535 647
29 7 440 54 233 291 334 524 535 647
29 7 432 54 63 291 334 432 535 647
29 7 444 54 63 233 291 334 432 535
29 7 426 54 63 233 432 524 535 647
29 7 555 63 233 291 334 432 524 647
29 7 445 54 63 291 334 432 524 535
29 7 480 54 63 291 432 524 535 647
29 7 440 54 233 432 524 535 579 647
29 7 553 54 63 233 524 535 579 647
29 7 439 54 63 233 291 432 524 647
29 7 466 54 233 334 524 535 579 647
29 7 712 63 233 291 334 432 524 535
29 7 700 54 63 233 334 432 524 579
30 19
30 25 546 25 36 67 180 181 184 226 258 280 293 294 304 332 359 434 441 491 535 567 617 681 686 724 728 732
30 25 587 25 53 67 133 140 184 208 301 304 332 359 412 434 441 502 534 535 567 617 681 686 703 724 728 732
30 25 610 36 53 133 140 180 181 184 208 226 258 293 294 304 359 412 434 441 502 534 535 681 703 724 728 732
30 25 512 25 36 53 67 140 181 184 208 226 294 301 304 332 359 412 434 441 534 535 567 617 681 686 703 732
30 25 551 25 67 133 140 180 181 184 226 258 280 293 301 304 332 359 434 441 491 534 535 567 617 686 724 732
30 25 459 25 36 53 133 140 180 181 184 208 226 280 293 294 332 359 412 491 502 617 681 686 703 724 728 732
30 25 638 36 67 133 140 180 181 208 226 258 280 293 294 301 304 332 359 434 491 502 567 617 686 703 724 732
30 25 473 25 36 53 67 133 181 184 208 226 258 301 332 359 412 434 502 534 535 617 681 686 703 724 728 732
30 25 539 25 36 67 133 140 180 181 208 226 258 293 294 301 359 412 441 491 502 535 617 681 686 703 724 732
30 25 701 36 67 133 140 180 181 184 226 258 280 293 294 301 304 359 412 434 491 502 534 535 567 703 724 732
30 25 524 36 53 140 180 181 184 208 226 258 280 293 294 301 304 332 434 491 502 534 567 617 681 703 724 732
30 25 585 25 53 133 140 180 181 184 208 226 258 293 294 301 304 332 359 412 491 502 534 567 617 703 724 728
30 25 523 25 53 67 133 140 184 208 226 258 280 293 301 304 332 434 491 502 535 567 617 681 703 724 728 732
30 25 511 25 53 67 133 140 181 184 208 226 280 293 301 304 359 412 434 441 502 535 567 617 681 686 703 728
30 25 490 36 53 133 140 180 181 184 208 226 258 293 301 304 332 359 434 441 491 534 617 681 686 724 728 732
30 25 493 36 53 67 133 180 181 184 226 258 280 301 304 332 359 412 491 502 534 535 567 617 681 686 724 728
30 25 476 25 36 53 67 140 180 181 184 208 226 280 293 301 304 332 412 441 491 535 567 681 686 703 724 732
30 25 650 25 36 53 133 140 180 181 258 293 294 301 332 359 412 434 441 502 534 535 567 617 681 686 703 732
30 25 507 36 53 67 133 140 181 184 208 226 280 293 294 304 412 434 441 491 502 534 567 617 681 686 724 728
31 14
31 6 501 158 461 598 618 703 717
31 6 465 158 195 414 461 598 717
31 6 549 156 158 195 598 703 717
31 6 594 156 195 414 461 703 717
31 6 676 158 195 414 598 618 703
31 6 459 156 158 195 461 618 717
31 6 564 156 195 461 618 703 717
31 6 532 158 195 461 598 618 717
31 6 483 156 158 461 598 618 703
31 6 501 156 414 461 598 703 717
31 6 471 156 195 461 598 618 703
31 6 543 156 158 195 461 598 703
31 6 490 158 414 598 618 703 717
31 6 620 158 414 461 598 618 703
32 2
32 1 572 156
32 1 545 573
33 18
33 9 562 42 56 134 209 245 452 542 573 721
33 9 517 42 56 90 134 245 453 542 721 725
33 9 634 42 56 90 209 245 452 453 542 573
33 9 526 42 56 90 134 449 453 542 573 725
33 9 571 42 56 134 245 453 542 573 721 725
33 9 485 56 90 209 245 449 452 573 721 725
33 9 518 42 56 209 245 449 452 453 542 725
33 9 493 56 90 209 245 449 452 542 573 721
33 9 542 56 90 134 209 245 453 542 573 725
33 9 560 42 56 134 245 449 453 542 573 721
33 9 633 42 56 90 449 452 453 573 721 725
33 9 480 90 209 245 449 452 453 542 573 725
33 9 490 42 90 134 209 449 453 573 721 725
33 9 492 90 134 209 245 449 452 453 573 721
33 9 665 56 90 134 245 452 453 542 573 721
33 9 567 42 134 209 245 449 452 453 542 573
33 9 613 90 134 209 245 449 452 542 573 725
33 9 631 42 56 90 134 209 449 573 721 725
34 21
34 25 636 62 68 80 101 139 228 241 266 292 295 333 348 384 422 482 503 510 526 542 563 565 595 664 674 719
34 25 505 39 62 68 80 101 105 166 228 250 266 292 333 341 348 384 422 435 450 482 503 510 526 542 563 674
34 25 598 39 68 80 92 105 139 166 228 250 333 341 348 422 435 482 495 503 526 542 563 565 595 664 674 719
34 25 527 39 80 92 101 105 139 166 228 250 266 292 295 348 384 422 435 482 510 526 563 565 595 664 674 719
34 25 502 39 62 92 105 139 228 241 250 266 292 295 333 341 348 422 435 450 482 503 542 565 595 664 674 719
34 25 493 62 68 80 92 105 139 166 228 295 333 341 348 384 435 450 482 495 510 526 542 563 595 664 674 719
34 25 807 39 68 80 92 101 166 228 241 250 295 333 341 348 384 482 503 510 526 542 563 565 595 664 674 719
34 25 585 62 68 80 92 101 139 166 250 292 295 333 341 384 422 482 495 503 510 526 542 563 565 595 664 674
34 25 504 39 62 68 92 101 105 139 166 228 241 266 295 333 435 450 482 495 510 526 542 565 595 664 674 719
34 25 574 62 68 80 101 105 139 166 250 266 295 333 348 384 422 435 482 495 503 510 526 542 595 664 674 719
34 25 497 62 68 92 101 105 139 166 228 241 266 292 333 341 348 384 435 450 495 510 526 563 595 664 674 719
34 25 563 39 62 68 80 92 101 105 139 166 241 250 266 295 333 348 435 450 495 510 542 563 565 664 674 719
34 25 647 62 68 80 92 101 105 139 166 228 241 266 292 295 333 341 384 435 503 510 526 542 565 595 674 719
34 25 515 39 68 80 92 101 105 166 241 266 292 295 333 341 348 384 422 450 495 503 510 526 542 565 595 719
34 25 522 62 68 80 92 101 139 228 266 295 341 348 384 422 450 482 495 503 510 526 542 563 565 595 674 719
34 25 628 39 80 101 105 166 228 241 250 266 292 295 333 341 348 384 422 435 495 503 542 563 565 664 674 719
34 25 532 39 68 80 92 105 139 166 228 250 266 292 295 341 348 384 422 435 495 503 526 542 563 565 595 674
34 25 619 39 62 80 92 101 105 139 166 228 241 292 295 333 341 348 384 422 450 503 526 542 565 595 664 719
34 25 521 39 62 68 80 92 101 105 139 228 241 250 266 292 341 384 482 495 503 510 526 542 563 565 674 719
34 25 561 39 62 68 80 92 101 139 166 228 250 292 295 333 341 348 384 422 450 482 495 526 542 563 565 664
34 25 530 62 68 92 101 105 139 166 228 241 250 292 295 341 384 435 450 482 495 503 510 526 563 565 664 719
35 4
35 3 638 289 522 636
35 3 515 522 563 636
35 3 531 289 563 636
35 3 620 289 522 563
36 12
36 5 532 138 217 522 682 737
36 5 526 138 217 329 597 737
36 5 595 138 217 329 522 682
36 5 624 217 329 522 597 737
36 5 531 138 522 597 682 737
36 5 574 217 329 522 682 737
36 5 590 138 217 329 522 737
36 5 532 138 217 597 682 737
36 5 674 217 329 597 682 737
36 5 525 217 522 597 682 737
36 5 552 138 217 329 597 682
36 5 519 329 522 597 682 737
37 10
37 4 553 395 426 518 614
37 4 538 395 518 614 737
37 4 573 135 426 518 737
37 4 542 135 395 426 737
37 4 525 135 395 426 614
37 4 629 135 426 614 737
37 4 602 395 426 518 737
37 4 525 135 395 518 737
37 4 631 135 395 518 614
37 4 648 135 518 614 737
38 19
38 5 609 221 317 459 518 694
38 5 574 221 317 459 518 592
38 5 562 73 221 317 592 694
38 5 789 73 317 459 592 694
38 5 579 317 459 518 592 694
38 5 644 221 459 518 592 694
38 5 578 221 317 518 592 694
38 5 589 73 221 459 518 694
38 5 555 73 221 317 518 694
38 5 725 73 459 518 592 694
38 5 676 73 221 518 592 694
38 5 601 73 221 459 518 592
38 5 730 73 221 317 459 592
38 5 531 73 221 317 459 518
38 5 552 73 317 459 518 592
38 5 641 73 221 317 459 694
38 5 652 221 317 459 592 694
38 5 638 73 221 317 518 592
38 5 640 73 317 459 518 694
39 21
39 15 609 84 102 128 202 367 415 423 459 463 490 507 516 517 533 591
39 15 578 84 102 128 202 367 423 459 463 507 516 517 533 553 656 743
39 15 661 84 102 128 207 311 367 415 423 463 490 507 517 591 656 743
39 15 626 128 202 207 367 423 459 463 490 507 516 517 533 553 591 656
39 15 642 84 102 128 202 207 367 415 423 459 463 517 533 553 656 743
39 15 582 84 102 128 207 311 415 423 463 490 507 517 533 591 656 743
39 15 672 128 202 207 367 415 423 459 463 507 516 517 533 553 591 656
39 15 635 102 128 202 311 367 415 423 463 507 516 533 553 591 656 743
39 15 584 202 311 367 415 423 459 490 507 516 517 533 553 591 656 743
39 15 661 84 102 207 311 367 423 459 490 507 516 517 533 591 656 743
39 15 574 84 102 128 202 311 367 423 459 463 490 507 516 517 553 656
39 15 638 84 102 202 207 311 423 459 490 507 516 517 553 591 656 743
39 15 607 102 128 207 367 415 423 459 463 507 516 517 533 553 656 743
39 15 864 102 128 202 207 311 367 415 459 463 490 507 517 553 656 743
39 15 710 84 102 128 207 367 415 423 459 463 490 507 516 517 533 591
39 15 596 84 102 128 207 311 367 415 423 459 490 516 553 591 656 743
39 15 625 84 128 207 311 415 423 459 463 490 507 533 553 591 656 743
39 15 646 84 202 207 311 367 415 423 463 490 507 516 517 591 656 743
39 15 602 84 102 128 202 207 311 367 423 463 490 507 517 533 553 591
39 15 577 84 102 128 202 207 311 367 415 423 459 463 490 533 591 743
39 15 808 128 202 207 311 415 423 463 507 516 517 533 553 591 656 743
40 19
40 9 643 17 297 328 407 424 507 623 630 739
40 9 774 27 97 328 424 507 586 623 630 739
40 9 593 17 27 297 328 407 586 623 630 739
40 9 762 17 27 97 328 407 586 623 630 739
40 9 678 17 97 297 328 407 507 586 623 739
40 9 594 17 27 97 297 328 407 424 586 623
40 9 608 97 297 328 407 424 507 623 630 739
40 9 589 27 97 297 328 407 424 507 630 739
40 9 663 17 27 328 407 424 507 586 623 630
40 9 792 27 97 297 328 407 424 586 623 739
40 9 609 17 97 297 328 424 507 623 630 739
40 9 636 17 27 407 424 507 586 623 630 739
40 9 694 17 97 297 328 407 507 586 630 739
40 9 606 27 97 297 328 507 586 623 630 739
40 9 785 17 27 297 328 407 507 586 623 739
40 9 614 27 97 328 407 424 507 623 630 739
40 9 666 17 27 97 328 407 507 586 623 739
40 9 642 17 97 297 407 424 507 586 630 739
40 9 643 17 27 97 297 328 424 586 623 630
41 17
41 1 636 26
41 1 635 12
41 1 630 67
41 1 628 65
41 1 624 91
41 1 663 55
41 1 659 70
41 1 640 9
41 1 740 50
41 1 601 87
41 1 606 76
41 1 649 7
41 1 595 8
41 1 713 63
41 1 731 5
41 1 644 4
41 1 731 88
42 3
42 2 600 58 430
42 2 624 97 430
42 2 708 58 97
43 21
43 18 605 14 48 58 104 177 205 219 315 370 387 399 473 529 549 558 569 701 709
43 18 708 14 58 104 177 205 219 315 350 370 387 399 473 529 558 569 603 640 709
43 18 607 14 31 48 58 104 219 315 370 383 387 399 529 549 569 603 640 701 718
43 18 711 31 58 104 177 205 219 315 350 370 383 399 473 529 558 569 603 640 701
43 18 630 14 31 58 104 177 315 350 370 383 387 399 473 529 549 558 603 640 709
43 18 643 48 58 104 177 205 219 350 383 387 473 529 549 558 569 603 701 709 718
43 18 788 14 48 58 104 205 219 315 350 370 387 399 473 529 549 603 701 709 718
43 18 678 14 31 48 58 104 177 315 383 387 473 529 549 558 569 603 640 701 709
43 18 644 14 31 48 104 177 205 219 315 370 383 473 529 549 558 569 603 701 718
43 18 672 14 31 48 104 177 219 315 370 383 387 399 473 529 558 569 640 701 709
43 18 605 31 58 104 177 205 219 315 370 383 387 399 529 549 558 569 603 701 718
43 18 690 31 48 58 104 205 315 350 370 383 387 399 473 529 549 558 569 701 718
43 18 723 14 48 58 104 205 219 350 370 383 387 529 549 558 569 603 640 709 718
43 18 711 14 48 58 104 177 205 219 315 350 370 399 529 549 558 569 603 709 718
43 18 730 14 31 48 58 104 177 219 350 370 387 399 473 529 549 558 603 640 709
43 18 715 14 48 58 177 219 315 350 370 399 473 529 549 558 603 640 701 709 718
43 18 715 14 31 48 58 104 177 219 315 350 383 399 473 549 558 569 603 640 701
43 18 637 14 31 48 58 104 177 205 315 370 383 387 473 529 549 603 701 709 718
43 18 677 14 31 48 58 177 315 350 370 383 387 399 473 529 569 603 640 701 718
43 18 604 14 31 48 58 205 219 315 370 383 399 473 529 549 569 603 640 701 718
43 18 691 14 31 104 177 315 350 370 383 399 473 529 549 558 603 640 701 709 718
44 2
44 1 626 103
44 1 711 718
45 14
45 6 674 103 363 373 418 635 652
45 6 806 103 286 364 418 635 652
45 6 906 286 363 364 418 635 652
45 6 693 103 286 363 418 635 652
45 6 682 103 286 363 373 418 652
45 6 730 363 364 373 418 635 652
45 6 759 103 286 373 418 635 652
45 6 683 103 286 363 373 418 635
45 6 637 103 364 373 418 635 652
45 6 733 103 286 364 373 418 652
45 6 636 103 286 363 364 635 652
45 6 663 286 363 373 418 635 652
45 6 671 103 286 363 364 373 635
45 6 753 103 363 364 373 418 652
46 12
46 7 654 21 26 211 227 388 564 635
46 7 809 26 111 227 388 525 564 635
46 7 687 21 111 211 227 388 525 564
46 7 675 111 211 227 388 525 564 635
46 7 732 26 111 193 211 525 564 635
46 7 692 21 26 193 211 388 525 564
46 7 682 21 26 111 193 211 525 635
46 7 783 26 211 227 388 525 564 635
46 7 665 21 193 211 227 388 525 635
46 7 796 21 111 193 388 525 564 635
46 7 665 21 26 111 211 388 525 635
46 7 682 21 26 193 211 227 564 635
47 19
47 1 689 183
47 1 708 196
47 1 839 178
47 1 784 61
47 1 729 138
47 1 700 33
47 1 812 128
47 1 790 113
47 1 829 53
47 1 684 100
47 1 715 186
47 1 837 151
47 1 729 47
47 1 854 142
47 1 751 45
47 1 798 27
47 1 655 157
47 1 689 22
47 1 710 57
48 26
48 21 698 61 87 98 152 160 218 231 262 312 377 408 420 433 458 464 505 583 600 642 670 750
48 21 826 8 34 87 98 152 160 211 231 262 312 377 420 458 464 470 505 583 600 642 670 750
48 21 732 6 8 34 61 87 152 160 211 254 262 312 377 408 420 458 464 470 505 608 642 750
48 21 690 6 34 61 87 160 211 218 231 254 262 377 408 433 464 470 505 600 608 642 670 750
48 21 803 6 8 34 87 160 218 254 262 312 420 433 458 470 505 583 600 608 642 670 675 750
48 21 721 34 61 87 98 152 160 218 254 262 312 377 408 433 464 470 505 583 600 608 670 750
48 21 827 6 8 61 87 152 211 231 262 312 377 408 420 433 458 464 470 583 600 642 670 750
48 21 693 8 34 61 87 98 152 211 218 231 312 377 408 420 433 464 470 505 583 608 670 675
48 21 718 6 8 34 61 87 152 160 211 218 231 254 312 377 408 420 433 458 464 583 600 608
48 21 748 6 8 34 61 87 152 160 218 231 254 312 377 408 420 458 464 470 583 642 670 750
48 21 720 6 8 34 87 98 152 160 211 231 254 262 377 408 433 464 470 583 600 608 642 670
48 21 853 6 8 87 98 160 211 218 254 262 312 408 420 433 458 464 470 505 583 670 675 750
48 21 805 6 8 34 87 160 211 218 231 312 377 408 433 458 464 470 505 583 608 670 675 750
48 21 708 6 61 87 98 160 211 218 254 262 312 408 420 433 458 470 583 600 608 642 670 750
48 21 715 6 8 34 61 87 98 152 160 211 218 231 254 262 377 408 464 470 505 642 670 675
48 21 766 6 8 87 98 152 160 211 218 231 254 312 377 433 458 470 505 583 608 642 670 675
48 21 752 6 34 61 87 98 160 211 231 254 262 312 377 408 433 458 464 505 583 608 642 750
48 21 747 8 34 87 98 152 254 262 312 408 420 433 458 464 470 505 583 600 608 642 670 750
48 21 820 6 8 34 61 87 160 218 231 254 262 377 408 433 458 464 505 583 608 642 675 750
48 21 755 6 8 34 61 87 98 160 211 231 262 377 408 420 470 505 600 608 642 670 675 750
48 21 727 8 34 61 87 160 211 254 262 312 377 408 420 464 470 505 583 600 608 642 670 750
48 21 710 8 61 98 152 160 211 218 231 254 262 377 408 420 433 458 464 505 583 600 642 750
48 21 802 6 8 61 87 98 152 211 218 262 312 377 408 420 433 458 464 470 505 583 608 670
48 21 833 6 8 34 61 98 152 160 211 218 231 254 312 377 433 458 464 470 505 600 642 670
48 21 759 6 8 61 87 98 152 160 254 262 377 408 458 464 470 505 583 608 642 670 675 750
48 21 821 6 8 61 87 98 160 218 254 262 312 377 458 464 470 583 600 608 642 670 675 750
49 13
49 5 816 299 401 470 540 688
49 5 823 271 299 401 470 645
49 5 744 271 299 540 645 688
49 5 740 271 401 470 540 688
49 5 718 271 401 540 645 688
49 5 739 271 299 401 540 645
49 5 697 299 401 470 645 688
49 5 824 299 470 540 645 688
49 5 775 271 299 470 540 645
49 5 789 299 401 540 645 688
49 5 773 271 470 540 645 688
49 5 714 271 299 470 540 688
49 5 774 271 401 470 540 645
50 14
50 12 781 5 64 137 173 175 238 308 371 447 580 594 645
50 12 710 5 64 137 173 175 238 330 340 371 447 580 645
50 12 770 5 64 137 238 308 340 371 447 556 594 596 645
50 12 854 5 64 137 173 175 238 330 447 556 580 596 645
50 12 714 5 64 137 175 308 340 371 447 580 594 596 645
50 12 821 64 137 175 238 308 330 340 371 447 556 580 594
50 12 822 5 173 175 238 308 330 340 371 447 580 594 645
50 12 826 5 64 137 173 175 308 340 371 447 556 580 645
50 12 750 64 137 173 175 308 340 371 447 556 580 594 596
50 12 697 5 137 238 308 330 340 371 447 580 594 596 645
50 12 729 5 64 175 238 308 330 371 447 556 580 594 596
50 12 697 64 137 173 175 238 330 371 447 556 594 596 645
50 12 739 5 137 173 175 238 340 447 556 580 594 596 645
50 12 876 64 137 173 175 238 308 447 556 580 594 596 645
51 21
51 20 792 12 77 124 131 161 224 251 272 319 393 446 468 555 578 581 596 649 684 720 747
51 20 837 12 38 77 124 131 161 224 272 276 319 393 468 472 538 547 578 649 684 689 716
51 20 713 124 131 161 251 272 319 393 446 468 472 538 547 555 578 581 684 689 716 720 747
51 20 765 12 77 124 161 224 251 272 276 319 393 446 468 547 578 581 649 684 689 716 720
51 20 738 38 131 224 251 272 276 393 446 468 472 547 555 578 596 649 684 689 716 720 747
51 20 725 12 77 124 131 251 272 276 319 393 472 538 547 555 578 649 684 689 716 720 747
51 20 749 12 124 161 224 251 276 319 446 468 472 538 547 555 578 581 596 689 716 720 747
51 20 726 12 38 77 124 131 161 224 251 272 276 393 472 538 578 581 649 684 689 720 747
51 20 741 12 38 77 124 224 251 272 276 319 393 446 472 538 547 555 578 649 684 689 716
51 20 759 12 38 77 124 131 224 251 272 276 319 393 446 468 472 578 581 649 689 720 747
51 20 742 38 77 124 131 224 276 319 393 468 472 538 547 555 578 649 684 689 716 720 747
51 20 758 12 38 77 124 131 161 224 251 272 276 393 446 472 538 547 555 578 596 649 684
51 20 888 12 77 161 224 272 276 319 393 468 538 547 578 581 596 649 684 689 716 720 747
51 20 843 12 38 124 131 161 224 251 272 276 393 446 468 472 538 555 578 649 684 716 747
51 20 813 12 38 77 131 161 251 272 319 393 446 538 555 581 596 649 684 689 716 720 747
51 20 871 12 38 131 161 251 272 276 446 468 538 555 578 581 596 649 684 689 716 720 747
51 20 895 12 77 124 251 272 276 319 393 446 468 472 538 547 555 578 684 689 716 720 747
51 20 712 12 38 77 251 272 276 319 393 468 472 538 547 578 581 596 649 684 689 720 747
51 20 772 12 77 161 224 251 272 276 393 446 468 472 547 555 578 581 596 649 684 716 747
51 20 865 12 38 131 251 272 276 319 393 468 472 538 547 555 578 581 596 649 716 720 747
51 20 736 12 77 124 131 161 224 251 276 319 446 468 538 547 555 578 581 649 689 716 747
52 8
52 3 774 550 593 727
52 3 831 321 555 727
52 3 762 321 550 555
52 3 876 321 593 727
52 3 778 321 555 593
52 3 753 555 593 727
52 3 770 321 550 593
52 3 750 321 550 727
53 29
53 9 805 121 165 170 322 375 465 519 550 748
53 9 785 121 165 176 322 375 465 520 550 748
53 9 898 121 170 176 310 322 465 500 519 748
53 9 732 121 165 176 310 322 375 519 550 748
53 9 757 165 322 375 465 500 519 520 550 748
53 9 775 165 170 176 310 322 500 519 520 550
53 9 828 121 165 322 375 465 500 519 520 748
53 9 732 121 165 170 310 322 375 465 519 550
53 9 772 121 170 375 465 500 519 520 550 748
53 9 886 170 176 310 375 465 519 520 550 748
53 9 759 121 165 170 310 322 375 520 550 748
53 9 897 121 165 176 375 465 500 519 550 748
53 9 731 121 176 310 375 465 500 519 520 550
53 9 913 121 170 176 310 322 500 519 520 748
53 9 825 121 165 170 322 375 465 500 519 520
53 9 859 121 310 322 375 500 519 520 550 748
53 9 788 165 170 176 310 322 465 500 520 748
53 9 776 121 165 176 310 322 465 519 520 550
53 9 827 121 165 170 310 322 500 519 520 550
53 9 726 121 165 322 375 465 519 520 550 748
53 9 724 121 170 310 322 375 465 500 519 520
53 9 759 121 165 170 310 322 375 465 519 520
53 9 735 121 165 310 375 465 519 520 550 748
53 9 755 121 170 310 322 465 500 519 520 748
53 9 770 165 170 176 310 322 519 520 550 748
53 9 766 176 310 322 375 465 500 519 520 748
53 9 911 121 170 322 465 500 519 520 550 748
53 9 808 121 170 310 322 375 500 519 520 748
53 9 813 121 170 176 310 322 500 519 520 550
54 14
54 6 764 2 194 257 303 352 748
54 6 837 194 257 303 349 352 748
54 6 760 2 194 349 352 616 748
54 6 746 2 303 349 352 616 748
54 6 852 257 303 349 352 616 748
54 6 920 194 257 303 352 616 748
54 6 800 2 194 257 303 349 352
54 6 1006 2 194 257 303 349 748
54 6 848 194 257 303 349 352 616
54 6 763 2 194 303 349 616 748
54 6 882 2 194 257 352 616 748
54 6 759 2 194 257 349 352 616
54 6 818 2 194 303 349 352 616
54 6 757 2 257 303 349 352 748
55 11
55 4 950 257 410 416 744
55 4 898 35 257 416 744
55 4 795 35 257 410 650
55 4 870 35 410 416 650
55 4 875 257 410 416 650
55 4 822 257 410 650 744
55 4 832 410 416 650 744
55 4 790 35 257 416 650
55 4 775 257 416 650 744
55 4 957 35 416 650 744
55 4 765 35 257 410 744
56 18
56 15 829 57 191 268 298 320 345 354 365 385 392 514 661 671 711 712
56 15 1133 57 157 191 320 331 345 354 365 392 514 643 650 661 711 712
56 15 823 57 191 268 298 331 345 365 385 511 514 643 661 671 711 712
56 15 954 157 268 298 320 345 354 365 392 437 514 643 650 661 671 711
56 15 878 191 268 298 320 331 365 392 437 511 514 643 650 661 671 712
56 15 907 57 157 191 268 298 320 345 354 365 385 514 643 671 711 712
56 15 795 57 157 191 268 298 320 365 385 437 511 514 643 650 671 711
56 15 880 191 268 298 320 345 385 392 437 514 643 650 661 671 711 712
56 15 832 57 268 298 320 331 345 354 365 385 392 437 511 514 671 712
56 15 840 57 191 298 320 331 345 354 385 392 437 511 643 650 711 712
56 15 907 157 191 268 298 331 354 365 392 437 511 514 643 650 661 671
56 15 926 57 157 191 331 345 354 385 437 511 643 650 661 671 711 712
56 15 807 57 157 191 298 320 331 345 354 365 385 437 650 671 711 712
56 15 800 57 191 268 320 331 345 354 385 392 437 643 661 671 711 712
56 15 983 57 191 268 320 331 345 354 385 437 511 514 643 650 661 671
56 15 806 57 191 298 320 345 354 365 385 392 437 511 514 650 661 712
56 15 805 57 157 191 268 298 320 331 345 354 365 392 511 514 711 712
56 15 895 57 157 191 268 331 345 365 392 437 514 643 650 661 671 712
57 26
57 8 891 269 335 342 409 477 483 514 536
57 8 859 269 335 342 409 483 536 537 625
57 8 847 249 269 335 342 409 477 537 625
57 8 987 249 342 409 477 483 514 536 625
57 8 817 249 335 409 477 483 514 536 625
57 8 990 249 269 335 342 409 483 514 537
57 8 826 249 342 409 477 514 536 537 625
57 8 808 269 342 409 477 483 536 537 625
57 8 809 249 269 335 342 483 514 536 625
57 8 810 249 269 335 342 483 514 537 625
57 8 917 249 335 342 483 514 536 537 625
57 8 816 249 269 335 409 477 514 536 625
57 8 906 335 342 477 483 514 536 537 625
57 8 859 249 269 335 477 514 536 537 625
57 8 842 269 342 409 477 483 514 536 537
57 8 915 249 269 335 342 409 477 536 625
57 8 896 249 269 342 477 483 514 536 625
57 8 947 269 342 409 477 514 536 537 625
57 8 880 249 269 342 409 483 514 537 625
57 8 934 249 269 342 477 514 536 537 625
57 8 840 269 335 342 409 477 536 537 625
57 8 995 249 269 335 477 483 514 536 625
57 8 797 269 335 409 477 483 514 536 537
57 8 886 269 335 342 409 477 483 536 625
57 8 800 269 335 342 409 483 514 536 537
57 8 797 249 335 342 477 514 536 537 625
58 11
58 6 958 296 357 483 646 662 742
58 6 911 296 323 357 483 646 662
58 6 920 296 323 357 480 483 662
58 6 970 323 357 483 646 662 742
58 6 921 323 480 483 646 662 742
58 6 989 357 480 483 646 662 742
58 6 888 296 357 480 483 646 742
58 6 967 323 357 480 483 646 662
58 6 1021 296 357 480 646 662 742
58 6 910 296 323 357 483 662 742
58 6 985 296 323 357 480 483 646
59 9
59 4 995 296 474 602 628
59 4 1046 143 296 628 697
59 4 1040 143 474 602 697
59 4 988 143 296 474 628
59 4 966 296 602 628 697
59 4 935 143 296 602 628
59 4 903 143 474 602 628
59 4 971 143 602 628 697
59 4 899 296 474 628 697
60 7
60 3 965 196 381 628
60 3 906 196 628 672
60 3 1041 381 413 628
60 3 991 381 628 672
60 3 1015 196 381 672
60 3 921 196 413 628
60 3 992 413 628 672
61 4
61 3 1002 381 400 695
61 3 930 230 381 695
61 3 912 230 400 695
61 3 1103 230 381 400
62 17
62 1 1006 84
62 1 1082 143
62 1 1090 68
62 1 986 53
62 1 1012 380
62 1 1075 184
62 1 1004 51
62 1 964 310
62 1 955 300
62 1 1174 396
62 1 976 297
62 1 984 102
62 1 958 45
62 1 1053 133
62 1 1069 100
62 1 997 291
62 1 1104 278
63 2
63 1 1002 621
63 1 957 400
64 2
64 1 964 300
64 1 1054 621
65 30
65 14 1066 11 16 114 115 150 239 288 300 366 404 521 626 644 738
65 14 966 16 114 115 150 239 246 288 300 402 404 521 601 626 738
65 14 979 11 41 114 115 150 239 288 300 366 404 521 601 658 738
65 14 969 11 16 41 114 239 246 288 300 402 404 601 626 658 738
65 14 1034 11 114 115 246 288 300 366 402 404 521 601 644 658 738
65 14 1062 115 150 239 246 300 366 402 404 521 601 626 644 658 738
65 14 978 11 16 114 150 239 288 366 402 404 521 601 626 644 738
65 14 1073 11 41 114 150 239 300 366 402 404 521 601 626 644 658
65 14 1074 11 16 41 114 115 150 239 288 366 404 601 644 658 738
65 14 976 11 16 41 239 246 288 366 402 404 521 601 626 658 738
65 14 1051 41 114 115 150 239 246 288 366 402 404 521 601 626 658
65 14 1032 16 114 115 150 239 246 300 366 402 404 521 601 644 738
65 14 1100 11 16 114 115 150 246 288 300 366 402 404 521 601 644
65 14 1012 11 16 41 114 115 239 246 300 366 404 601 626 644 658
65 14 969 11 41 114 246 288 300 366 404 521 601 626 644 658 738
65 14 995 16 41 114 115 150 300 366 402 404 521 626 644 658 738
65 14 1059 11 16 114 115 239 246 288 300 366 402 404 521 644 738
65 14 1013 11 41 114 115 239 246 288 300 366 402 404 521 658 738
65 14 1041 11 16 114 115 150 300 366 402 404 601 626 644 658 738
65 14 1050 11 16 41 114 115 150 288 300 366 402 404 521 601 644
65 14 1035 16 41 114 150 239 246 288 300 402 404 521 626 658 738
65 14 1024 11 16 41 114 150 239 246 300 366 404 626 644 658 738
65 14 986 11 41 114 150 239 288 300 366 402 404 601 644 658 738
65 14 1025 11 16 41 114 239 300 366 402 404 521 601 626 644 738
65 14 990 16 41 115 239 288 366 402 404 521 601 626 644 658 738
65 14 1051 11 16 41 115 150 300 366 402 521 601 626 644 658 738
65 14 1069 11 16 114 115 150 246 288 366 404 521 626 644 658 738
65 14 973 11 16 41 114 115 150 239 246 366 402 404 601 644 658
65 14 1091 11 41 114 115 150 239 246 288 366 402 601 626 658 738
65 14 1061 11 16 41 114 115 246 288 300 366 402 404 626 658 738
66 12
66 5 984 243 372 398 442 704
66 5 1025 243 372 442 587 704
66 5 1044 243 372 442 521 704
66 5 1041 243 372 398 442 587
66 5 1155 372 442 521 587 704
66 5 1014 372 398 442 521 704
66 5 1092 372 398 442 587 704
66 5 1046 243 372 398 521 587
66 5 1075 243 372 521 587 704
66 5 1082 243 372 398 521 704
66 5 1086 372 398 521 587 704
66 5 978 243 398 521 587 704
67 12
67 4 1012 356 389 609 693
67 4 1240 356 389 442 609
67 4 1020 356 498 609 693
67 4 1042 356 389 442 498
67 4 1244 389 442 498 609
67 4 1027 356 442 609 693
67 4 995 356 442 498 609
67 4 1006 389 442 498 693
67 4 980 389 498 609 693
67 4 977 389 442 609 693
67 4 1042 356 442 498 693
67 4 996 442 498 609 693
68 2
68 1 1155 389
68 1 1090 700
69 3
69 2 1078 89 396
69 2 1059 396 700
69 2 1108 89 700
70 4
70 3 1080 89 456 667
70 3 1035 89 663 667
70 3 1014 89 456 663
70 3 1093 456 663 667
71 14
71 21 1010 22 47 72 130 178 201 248 264 277 281 325 338 378 391 448 479 515 545 551 566 667
71 21 1014 22 47 72 178 201 204 236 248 264 277 325 338 378 391 448 479 515 527 551 667 733
71 21 1013 47 130 204 236 264 274 325 338 378 391 443 448 479 515 527 545 551 566 667 729 733
71 21 1051 47 72 178 204 236 248 264 274 281 325 338 378 443 448 479 527 545 551 566 729 733
71 21 1040 22 47 72 201 204 236 248 264 277 281 325 338 378 391 443 448 479 515 566 729 733
71 21 1174 22 47 130 178 248 264 274 277 281 325 378 391 448 479 515 527 545 551 667 729 733
71 21 1036 22 47 72 178 201 248 264 274 277 281 325 338 378 443 448 479 527 545 551 566 729
71 21 1078 22 47 72 130 178 201 236 248 264 277 325 338 378 443 515 527 545 551 566 667 733
71 21 1042 47 72 178 201 204 236 248 264 274 325 338 378 448 479 515 545 551 566 667 729 733
71 21 1060 47 72 130 178 201 204 236 264 274 277 281 325 378 443 448 515 527 545 566 729 733
71 21 1170 22 72 130 201 204 248 264 274 277 325 338 391 443 515 527 545 551 566 667 729 733
71 21 1162 22 47 72 130 178 201 204 236 248 264 277 281 325 391 448 515 527 545 566 667 733
71 21 1128 22 47 72 178 204 236 248 281 325 338 378 391 443 448 479 527 545 551 566 729 733
71 21 1067 22 72 130 201 204 236 248 264 281 325 338 391 443 448 479 515 527 545 551 566 667
72 15
72 7 1165 29 52 110 148 252 497 560
72 7 1151 29 52 110 252 497 543 560
72 7 1126 29 52 148 252 497 543 560
72 7 1183 29 52 148 252 302 497 560
72 7 1102 22 52 110 148 302 543 560
72 7 1310 29 52 110 302 497 543 560
72 7 1110 22 29 110 148 252 302 543
72 7 1208 22 29 110 252 497 543 560
72 7 1107 29 52 110 148 252 302 543
72 7 1108 22 52 148 252 302 497 560
72 7 1244 22 29 52 110 252 302 497
72 7 1184 22 29 52 252 302 497 560
72 7 1144 22 52 110 148 252 302 560
72 7 1077 52 110 148 252 497 543 560
72 7 1155 22 52 252 302 497 543 560
73 17
73 8 1100 59 60 154 234 380 512 677 734
73 8 1165 59 60 88 380 512 677 734 749
73 8 1131 59 60 88 154 497 512 734 749
73 8 1142 60 88 234 380 497 512 734 749
73 8 1125 59 60 88 154 380 512 734 749
73 8 1202 59 60 154 234 497 512 677 749
73 8 1159 60 88 234 380 497 512 677 734
73 8 1162 59 60 154 234 380 497 512 734
73 8 1107 59 154 234 380 497 512 677 749
73 8 1153 60 88 154 234 380 512 677 734
73 8 1147 59 88 154 380 497 512 677 734
73 8 1146 60 88 154 380 497 512 677 749
73 8 1186 60 88 154 234 380 497 512 749
73 8 1240 59 154 380 497 512 677 734 749
73 8 1107 59 60 154 234 512 677 734 749
73 8 1137 154 234 380 497 512 677 734 749
73 8 1169 60 88 154 234 497 677 734 749
74 16
74 5 1244 59 265 316 471 690
74 5 1176 59 119 263 316 690
74 5 1275 59 263 316 471 690
74 5 1125 59 119 263 471 690
74 5 1147 59 263 265 316 471
74 5 1141 59 119 263 265 471
74 5 1154 59 119 263 265 316
74 5 1133 119 263 265 471 690
74 5 1111 59 119 265 316 690
74 5 1137 59 119 263 316 471
74 5 1287 59 119 265 316 471
74 5 1138 59 263 265 316 690
74 5 1252 263 265 316 471 690
74 5 1194 59 119 263 265 690
74 5 1256 119 263 316 471 690
74 5 1281 59 263 265 471 690
75 4
75 3 1332 282 316 699
75 3 1148 282 316 627
75 3 1127 316 627 699
75 3 1199 282 627 699
76 24
76 6 1158 24 118 282 444 530 570
76 6 1379 24 174 282 530 570 702
76 6 1227 24 118 282 444 530 702
76 6 1273 118 282 444 489 530 702
76 6 1201 118 174 282 489 570 702
76 6 1134 24 118 174 489 530 570
76 6 1250 24 282 444 489 570 702
76 6 1191 24 118 174 282 444 530
76 6 1215 24 118 174 282 444 489
76 6 1176 24 174 282 489 570 702
76 6 1157 24 174 282 489 530 570
76 6 1208 24 118 174 282 530 570
76 6 1195 24 174 489 530 570 702
76 6 1201 24 118 282 489 530 570
76 6 1194 24 174 282 444 489 530
76 6 1208 118 174 282 489 530 570
76 6 1263 174 282 489 530 570 702
76 6 1197 118 282 444 530 570 702
76 6 1323 118 174 444 489 570 702
76 6 1156 118 174 489 530 570 702
76 6 1175 24 282 444 530 570 702
76 6 1295 24 118 282 489 570 702
76 6 1185 24 118 444 489 530 570
76 6 1173 24 118 174 489 530 702
77 2
77 1 1228 118
77 1 1425 572
78 4
78 3 1178 278 554 572
78 3 1250 113 278 572
78 3 1219 113 554 572
78 3 1211 113 278 554
79 3
79 2 1290 19 554
79 2 1334 159 554
79 2 1323 19 159
80 2
80 1 1329 19
80 1 1250 37
81 15
81 6 1405 1 37 83 206 390 736
81 6 1521 83 206 390 532 722 736
81 6 1482 37 83 532 590 722 736
81 6 1597 1 37 83 390 590 736
81 6 1477 37 83 206 390 722 736
81 6 1393 1 37 83 206 722 736
81 6 1627 1 390 532 590 722 736
81 6 1558 1 37 83 390 590 722
81 6 1500 83 206 390 532 590 722
81 6 1430 1 83 206 390 532 722
81 6 1547 1 37 206 532 722 736
81 6 1497 1 37 83 206 390 590
81 6 1415 1 37 206 590 722 736
81 6 1447 37 83 390 532 722 736
81 6 1547 1 83 390 532 590 736
82 14
82 15 1476 78 136 172 253 346 368 390 484 487 588 606 611 633 638 713
82 15 1456 75 136 172 215 309 346 390 421 484 541 588 606 611 638 713
82 15 1457 78 136 172 215 253 368 390 421 484 487 541 588 606 638 713
82 15 1496 75 136 172 215 253 309 346 368 421 487 541 588 611 633 638
82 15 1483 75 78 172 215 253 309 368 390 484 541 588 606 611 633 713
82 15 1568 78 136 172 253 309 390 421 484 487 588 606 611 633 638 713
82 15 1479 75 78 136 172 215 253 346 390 421 484 541 588 606 611 638
82 15 1530 78 136 172 253 309 346 390 421 487 541 588 611 633 638 713
82 15 1597 75 136 172 215 309 346 368 390 421 487 541 588 606 611 713
82 15 1580 78 136 172 215 253 309 368 421 484 487 541 588 606 638 713
82 15 1502 75 78 136 253 309 346 368 390 484 487 541 588 633 638 713
82 15 1453 75 78 136 172 215 309 346 390 484 487 541 588 606 633 713
82 15 1478 75 136 172 215 309 346 368 390 421 487 588 606 611 638 713
82 15 1542 75 78 136 172 253 346 368 390 484 487 541 588 611 638 713
83 4
83 3 1463 172 562 599
83 3 1459 172 531 562
83 3 1575 172 531 599
83 3 1561 531 562 599
84 2
84 1 1585 531
84 1 1525 343
85 18
85 15 1630 13 74 108 163 192 247 270 343 362 438 455 552 707 735 746
85 15 1584 4 74 79 108 163 192 247 343 351 454 455 552 707 735 746
85 15 1746 13 49 79 108 149 192 247 270 362 438 454 455 552 707 746
85 15 1577 4 49 74 79 108 149 163 270 343 362 438 454 455 735 746
85 15 1603 13 79 108 149 247 270 343 362 438 454 455 552 707 735 746
85 15 1652 4 74 108 149 192 247 270 343 351 362 438 454 707 735 746
85 15 1587 4 13 49 74 163 192 270 351 362 438 454 455 552 735 746
85 15 1733 4 74 108 149 163 192 270 343 351 362 438 454 707 735 746
85 15 1613 4 74 79 149 163 192 343 351 362 438 454 455 552 735 746
85 15 1681 13 74 79 149 163 192 247 351 362 438 454 455 707 735 746
85 15 1583 4 49 74 79 163 192 270 343 362 454 455 552 707 735 746
85 15 1567 4 13 74 79 108 149 163 192 343 362 438 454 552 735 746
85 15 1637 4 13 74 79 108 163 192 270 343 362 438 455 552 735 746
85 15 1554 4 74 79 108 163 192 247 270 362 438 454 455 707 735 746
85 15 1741 4 13 49 79 108 163 192 270 438 454 455 552 707 735 746
85 15 1698 4 13 79 108 192 247 270 343 351 362 438 455 707 735 746
85 15 1552 49 74 108 149 163 192 270 343 351 362 438 454 455 707 746
85 15 1545 4 13 49 79 108 149 192 247 270 351 362 438 454 552 707
86 14
86 5 1586 122 267 314 476 494
86 5 1707 122 267 307 314 476
86 5 1590 122 314 454 476 494
86 5 1640 122 267 307 314 494
86 5 1767 267 307 314 454 476
86 5 1598 122 267 307 454 476
86 5 1715 122 307 314 454 494
86 5 1680 267 307 454 476 494
86 5 1649 122 267 307 476 494
86 5 1598 122 267 307 314 454
86 5 1774 307 314 454 476 494
86 5 1684 122 267 314 454 494
86 5 1582 122 267 454 476 494
86 5 1639 122 307 314 476 494
87 18
87 15 1679 51 112 182 190 287 369 457 475 494 513 615 655 666 668 715
87 15 1636 51 112 182 216 235 242 287 318 344 369 475 577 655 666 715
87 15 1690 51 182 190 216 235 242 287 318 344 457 513 577 615 655 668
87 15 1654 112 182 190 216 235 242 287 318 344 369 513 615 666 668 715
87 15 1712 51 112 182 190 235 242 287 318 369 475 513 577 615 655 668
87 15 1605 51 112 190 216 235 242 318 369 457 475 494 513 655 668 715
87 15 1669 112 182 190 216 235 242 287 318 344 457 513 577 655 666 715
87 15 1625 51 182 190 216 235 242 318 344 475 494 513 615 666 668 715
87 15 1668 112 182 190 216 235 287 318 369 494 513 577 615 655 668 715
87 15 1615 182 190 216 287 318 344 369 475 494 513 577 615 666 668 715
87 15 1687 112 182 216 235 287 318 344 369 457 494 577 615 655 666 715
87 15 1672 51 190 216 242 287 344 369 475 494 513 615 655 666 668 715
87 15 1700 51 112 182 190 242 287 318 344 369 475 494 513 577 615 666
87 15 1652 51 190 235 318 344 369 457 494 513 577 615 655 666 668 715
87 15 1634 51 112 182 216 242 318 344 369 457 577 615 655 666 668 715
87 15 1630 51 112 182 190 216 235 287 318 369 475 494 615 655 668 715
87 15 1799 190 216 235 242 318 344 369 457 475 513 577 615 655 668 715
87 15 1649 112 182 216 235 242 318 344 369 457 475 494 577 655 666 715
88 2
88 1 1655 475
88 1 1724 460
89 16
89 6 1796 32 142 460 508 659 745
89 6 1772 142 460 508 659 680 745
89 6 1768 32 142 164 460 508 745
89 6 1723 32 142 164 460 508 680
89 6 1736 142 164 460 508 659 680
89 6 1738 142 164 460 659 680 745
89 6 1734 32 164 460 659 680 745
89 6 1864 142 164 460 508 680 745
89 6 1878 32 164 460 508 659 680
89 6 1772 32 142 164 508 659 680
89 6 1899 32 142 164 460 659 745
89 6 1816 32 142 164 508 680 745
89 6 1720 142 164 508 659 680 745
89 6 1764 32 142 460 508 659 680
89 6 1752 32 164 508 659 680 745
89 6 1881 164 460 508 659 680 745
90 11
90 4 1754 188 197 324 405
90 4 1809 189 197 324 680
90 4 1799 188 189 197 405
90 4 1818 197 324 405 680
90 4 1814 189 197 405 680
90 4 1838 188 189 324 680
90 4 1957 188 189 197 680
90 4 2040 188 189 405 680
90 4 1841 188 197 405 680
90 4 1821 188 197 324 680
90 4 1806 188 189 197 324
91 15
91 5 1758 15 40 76 203 429
91 5 1831 40 76 405 429 665
91 5 1803 15 40 203 429 665
91 5 1790 15 40 203 405 665
91 5 1780 15 40 76 405 429
91 5 1834 15 76 203 429 665
91 5 1910 15 76 405 429 665
91 5 1828 15 40 76 429 665
91 5 1783 15 76 203 405 429
91 5 1780 40 76 203 405 665
91 5 1939 15 40 76 203 405
91 5 1832 15 40 405 429 665
91 5 1831 15 40 76 405 665
91 5 1791 15 203 405 429 665
91 5 1768 40 203 405 429 665
92 3
92 2 1766 466 660
92 2 1870 15 660
92 2 1771 15 466
93 4
93 3 1806 379 544 654
93 3 1811 379 466 654
93 3 1784 379 466 544
93 3 1829 466 544 654
94 15
94 6 1930 85 129 141 255 285 499
94 6 1932 85 129 141 183 285 499
94 6 1818 85 141 183 255 285 544
94 6 1806 85 129 141 183 255 499
94 6 1818 85 129 183 285 499 544
94 6 1886 85 141 183 285 499 544
94 6 1861 85 183 255 285 499 544
94 6 1885 85 129 141 285 499 544
94 6 1821 129 141 183 255 499 544
94 6 1980 129 141 183 255 285 544
94 6 1793 85 141 183 255 499 544
94 6 1973 85 129 141 183 285 544
94 6 1798 85 129 183 255 499 544
94 6 1807 141 183 255 285 499 544
94 6 1820 85 141 183 255 285 499
95 16
95 10 1894 20 46 55 95 255 284 305 485 486 528
95 10 1951 20 55 70 284 305 486 528 574 653 696
95 10 1975 46 55 95 284 305 485 528 574 653 696
95 10 1953 20 46 55 70 284 485 528 574 653 696
95 10 1937 46 70 95 255 284 305 485 486 528 696
95 10 1936 20 46 55 95 284 305 486 528 653 696
95 10 1896 20 55 95 255 284 305 485 528 653 696
95 10 2014 20 55 70 284 305 485 486 528 653 696
95 10 1902 46 55 70 255 284 305 486 528 574 653
95 10 1977 46 55 95 255 284 485 486 528 653 696
95 10 1888 20 46 55 284 305 485 528 574 653 696
95 10 1941 46 55 95 255 284 305 486 528 574 653
95 10 1953 20 46 55 95 255 485 486 528 574 696
95 10 1923 20 55 70 95 255 284 305 528 574 653
95 10 1946 46 55 70 95 284 485 486 528 653 696
95 10 1963 46 55 70 95 284 485 486 574 653 696
96 3
96 2 1907 523 620
96 2 2016 284 523
96 2 1970 284 620
97 19
97 1 2095 368
97 1 2032 204
97 1 2144 118
97 1 2146 50
97 1 2221 303
97 1 1977 233
97 1 1990 146
97 1 2111 160
97 1 2109 344
97 1 2145 55
97 1 1987 424
97 1 2005 313
97 1 1991 412
97 1 2014 385
97 1 2116 175
97 1 2037 401
97 1 2084 203
97 1 2010 286
97 1 2003 486
98 9
98 3 2321 168 523 676
98 3 2387 96 313 676
98 3 2328 313 523 676
98 3 2295 96 168 313
98 3 2291 96 523 676
98 3 2293 168 313 523
98 3 2281 96 313 523
98 3 2351 96 168 523
98 3 2287 96 168 676
99 9
99 4 2454 428 613 692 706
99 4 2379 428 613 676 692
99 4 2387 50 613 676 692
99 4 2526 50 428 676 706
99 4 2473 50 428 676 692
99 4 2471 50 428 613 692
99 4 2487 613 676 692 706
99 4 2407 50 428 613 706
99 4 2389 428 676 692 706
100 12
100 12 3802 69 117 147 186 187 200 360 425 431 584 613 639
100 12 3786 117 147 186 187 200 382 425 501 584 604 613 639
100 12 3691 69 117 147 186 187 240 360 425 501 584 604 639
100 12 3609 69 117 147 186 187 200 382 425 501 604 613 639
100 12 3637 69 186 187 360 382 425 431 501 584 604 613 639
100 12 3610 117 147 186 187 200 240 425 431 501 584 613 639
100 12 3605 69 117 147 186 187 240 360 382 425 604 613 639
100 12 3721 69 186 187 200 240 360 382 425 584 604 613 639
100 12 3720 117 147 187 200 240 360 425 431 501 584 604 613
100 12 3619 117 147 200 240 360 382 425 501 584 604 613 639
100 12 3585 69 117 147 186 187 200 360 382 431 584 613 639
100 12 3605 69 147 186 187 360 382 425 501 584 604 613 639
