6
300
341
100
1 2
1 1 121 52
1 1 75 99
2 3
2 2 75 99 203
2 2 109 79 203
2 2 38 79 99
3 2
3 2 144 61 79
3 2 194 25 79
4 7
4 1 71 51
4 1 252 17
4 1 102 4
4 1 132 43
4 1 139 38
4 1 66 49
4 1 87 45
5 2
5 2 191 61 128
5 2 143 61 245
6 1
6 9 84 10 37 41 60 127 139 150 245 249
7 2
7 7 272 95 116 117 150 171 222 288
7 7 235 21 95 116 117 210 247 288
8 3
8 4 119 5 124 206 212
8 4 194 5 200 212 222
8 4 249 124 200 206 212
9 3
9 1 194 73
9 1 197 85
9 1 171 171
10 4
10 1 234 121
10 1 189 62
10 1 168 94
10 1 206 60
11 2
11 1 219 206
11 1 291 276
12 3
12 2 249 168 276
12 2 274 276 278
12 2 202 168 278
13 2
13 3 199 54 100 113
13 3 257 100 113 280
14 2
14 1 233 280
14 1 248 16
15 7
15 1 280 6
15 1 249 12
15 1 264 3
15 1 293 8
15 1 237 7
15 1 236 16
15 1 248 2
16 5
16 4 180 16 72 166 216
16 4 289 16 151 166 216
16 4 313 58 72 151 166
16 4 264 16 58 72 216
16 4 269 16 58 166 216
17 2
17 3 194 20 30 58
17 3 209 20 30 81
18 3
18 2 380 30 130
18 2 413 130 267
18 2 241 30 267
19 8
19 1 277 54
19 1 337 21
19 1 256 35
19 1 356 15
19 1 330 69
19 1 277 103
19 1 322 112
19 1 362 85
20 2
20 1 271 227
20 1 326 130
21 3
21 6 422 48 50 111 153 179 227
21 6 375 48 50 111 153 227 228
21 6 401 13 48 50 179 227 228
22 2
22 1 385 50
22 1 307 299
23 1
23 1 459 299
24 0
25 3
25 3 413 23 147 287
25 3 389 23 137 147
25 3 440 137 147 287
26 6
26 10 452 4 49 76 84 101 114 209 239 287 297
26 10 363 4 39 49 84 101 114 178 209 239 297
26 10 375 39 76 84 101 114 199 209 239 287 297
26 10 427 39 49 76 84 114 178 199 239 287 297
26 10 465 39 49 76 84 101 178 199 209 287 297
26 10 383 39 49 76 84 101 114 178 199 209 287
27 6
27 1 431 27
27 1 362 100
27 1 426 25
27 1 378 85
27 1 404 50
27 1 472 5
28 1
28 3 374 65 101 217
29 3
29 3 480 36 67 172
29 3 386 65 67 172
29 3 411 36 65 172
30 4
30 3 478 67 183 270
30 3 453 67 149 183
30 3 463 149 183 208
30 3 409 67 149 270
31 2
31 5 395 29 109 149 189 289
31 5 423 77 109 149 189 289
32 2
32 1 417 29
32 1 436 158
33 2
33 1 513 158
33 1 544 120
34 1
34 2 520 223 265
35 2
35 1 407 143
35 1 441 223
36 3
36 3 466 138 143 251
36 3 484 143 251 286
36 3 441 138 251 286
37 6
37 1 545 217
37 1 472 30
37 1 571 82
37 1 532 20
37 1 484 90
37 1 730 247
38 3
38 3 680 31 136 235
38 3 604 31 136 251
38 3 456 31 80 136
39 7
39 1 530 91
39 1 483 129
39 1 561 40
39 1 461 66
39 1 647 62
39 1 497 101
39 1 618 85
40 5
40 5 464 66 122 136 174 269
40 5 491 66 73 136 174 269
40 5 466 66 73 122 174 269
40 5 545 66 73 122 136 174
40 5 480 122 136 174 269 282
41 3
41 3 486 86 190 205
41 3 464 86 122 205
41 3 574 86 122 190
42 2
42 1 508 233
42 1 516 190
43 3
43 2 499 233 234
43 2 639 232 234
43 2 538 232 233
44 8
44 7 574 27 71 108 182 211 243 273
44 7 622 27 28 107 108 232 243 273
44 7 548 28 107 108 182 211 243 273
44 7 538 27 28 71 107 108 232 273
44 7 539 27 28 71 107 108 182 211
44 7 554 28 71 107 108 182 211 273
44 7 558 27 28 71 107 182 211 232
44 7 692 27 28 71 107 108 211 273
45 2
45 1 528 281
45 1 548 211
46 2
46 1 584 295
46 1 530 281
47 2
47 4 603 70 255 258 295
47 4 697 70 141 255 295
48 4
48 3 563 22 258 296
48 3 691 22 35 258
48 3 765 248 258 296
48 3 577 35 248 296
49 5
49 1 584 21
49 1 599 14
49 1 587 9
49 1 568 6
49 1 676 11
50 2
50 1 606 241
50 1 597 22
51 2
51 1 620 241
51 1 746 161
52 3
52 2 679 160 161
52 2 629 155 160
52 2 632 155 161
53 2
53 4 704 1 132 176 254
53 4 635 1 132 155 254
54 5
54 6 722 59 78 90 96 115 191
54 6 677 78 96 115 188 191 279
54 6 651 59 78 115 188 191 279
54 6 771 59 90 96 115 191 279
54 6 700 78 90 96 115 188 279
55 4
55 8 666 15 46 89 115 169 180 261 263
55 8 730 15 106 115 169 180 256 261 263
55 8 859 15 40 46 89 115 180 261 263
55 8 744 40 46 106 115 169 256 261 263
56 0
57 2
57 1 706 14
57 1 756 207
58 9
58 9 711 32 45 69 97 123 154 231 246 272
58 9 768 69 97 119 123 154 195 207 246 272
58 9 673 32 45 119 123 129 154 195 231 272
58 9 739 32 45 69 129 195 207 231 246 272
58 9 784 32 69 97 119 129 154 231 246 272
58 9 868 32 45 119 129 154 195 231 246 272
58 9 783 45 69 119 123 129 154 195 207 272
58 9 742 32 45 97 119 123 129 195 207 231
58 9 692 45 69 97 119 123 129 231 246 272
59 6
59 5 781 7 32 110 118 264
59 5 684 7 32 82 118 156
59 5 701 7 110 118 156 264
59 5 742 7 82 110 118 264
59 5 893 32 82 110 118 264
59 5 774 32 82 110 118 156
60 3
60 2 742 47 82
60 2 699 82 87
60 2 704 47 87
61 2
61 3 781 6 87 105
61 3 705 87 105 204
62 5
62 5 749 125 175 185 197 226
62 5 747 105 125 185 197 300
62 5 765 105 125 175 226 300
62 5 736 105 125 175 185 197
62 5 732 105 175 185 197 226
63 4
63 3 758 74 93 300
63 3 787 74 75 93
63 3 924 74 75 300
63 3 746 75 93 300
64 3
64 1 1031 28
64 1 804 69
64 1 779 56
65 2
65 1 825 75
65 1 787 165
66 2
66 1 870 294
66 1 1008 165
67 2
67 1 886 34
67 1 1149 294
68 9
68 1 1115 1
68 1 957 22
68 1 1060 10
68 1 944 21
68 1 964 13
68 1 985 6
68 1 914 34
68 1 935 2
68 1 1046 23
69 3
69 5 921 34 135 140 262 283
69 5 944 53 135 140 250 262
69 5 937 34 53 135 250 283
70 5
70 3 934 92 135 152
70 3 948 92 135 268
70 3 975 92 135 244
70 3 925 135 244 268
70 3 924 92 152 268
71 4
71 1 1047 133
71 1 957 126
71 1 960 95
71 1 1028 86
72 3
72 2 937 152 221
72 2 936 152 298
72 2 985 221 298
73 2
73 1 1071 298
73 1 1082 131
74 2
74 1 972 215
74 1 1075 131
75 7
75 6 1039 24 26 196 215 236 291
75 6 1118 26 170 196 215 236 291
75 6 1065 12 24 26 196 215 291
75 6 1054 12 26 170 215 236 291
75 6 1000 12 24 26 170 215 236
75 6 1151 12 24 170 196 215 291
75 6 1015 12 24 170 215 236 291
76 8
76 10 1051 62 68 102 112 142 157 163 201 275 292
76 10 1043 62 68 83 157 163 196 201 225 260 292
76 10 1031 68 83 157 163 196 201 225 260 275 292
76 10 1038 62 68 102 112 157 163 196 201 225 275
76 10 1065 62 68 83 102 112 196 201 225 260 292
76 10 1046 62 68 83 102 112 157 196 201 260 292
76 10 1189 83 102 112 142 157 163 196 201 225 292
76 10 1067 68 102 157 163 196 201 225 260 275 292
77 2
77 2 1102 68 285
77 2 1195 214 285
78 2
78 1 1235 285
78 1 1139 194
79 8
79 1 1174 64
79 1 1232 127
79 1 1199 25
79 1 1330 147
79 1 1254 137
79 1 1283 185
79 1 1169 194
79 1 1186 38
80 4
80 9 1330 9 17 55 56 194 219 240 252 277
80 9 1277 9 17 55 85 219 229 240 266 277
80 9 1354 9 17 55 85 164 194 219 229 266
80 9 1222 9 55 56 85 164 194 240 252 266
81 7
81 1 1240 111
81 1 1316 62
81 1 1228 213
81 1 1287 148
81 1 1296 91
81 1 1234 21
81 1 1241 132
82 2
82 1 1352 229
82 1 1321 192
83 2
83 1 1371 293
83 1 1514 192
84 3
84 2 1417 64 198
84 2 1373 198 293
84 2 1504 64 293
85 3
85 2 1444 8 64
85 2 1372 63 64
85 2 1516 8 63
86 6
86 1 1453 41
86 1 1403 52
86 1 1405 54
86 1 1415 21
86 1 1485 56
86 1 1464 61
87 2
87 1 1400 63
87 1 1583 43
88 2
88 1 1488 187
88 1 1465 43
89 3
89 3 1791 42 134 290
89 3 1727 134 187 290
89 3 1783 42 187 290
90 2
90 1 1721 134
90 1 1706 57
91 3
91 5 1752 57 94 121 126 237
91 5 1757 57 94 126 162 257
91 5 1731 94 121 126 237 257
92 1
92 1 1783 167
93 6
93 9 1867 19 104 133 144 159 213 224 238 284
93 9 1942 19 104 133 144 167 173 213 224 259
93 9 2000 104 133 144 159 167 173 224 238 259
93 9 1908 19 133 144 167 173 184 224 238 284
93 9 1895 19 104 144 159 167 173 184 213 284
93 9 1996 19 104 144 173 184 213 224 238 259
94 2
94 9 1880 2 18 38 44 51 159 181 253 271
94 9 1914 2 38 44 103 159 181 186 218 253
95 2
95 1 2121 193
95 1 1942 218
96 2
96 1 2189 220
96 1 2284 193
97 3
97 3 2241 91 148 220
97 3 2203 88 91 148
97 3 2206 88 148 220
98 5
98 1 2484 79
98 1 2285 85
98 1 2340 64
98 1 2339 37
98 1 2276 39
99 3
99 1 2691 10
99 1 2787 17
99 1 2699 74
100 7
100 1 2978 70
100 1 3014 31
100 1 3010 57
100 1 3092 36
100 1 3163 33
100 1 2979 22
100 1 3042 75
