15
750
1180
100
1 2
1 1 140 513
1 1 161 222
2 19
2 6 207 85 128 142 354 405 513
2 6 196 128 142 331 405 571 582
2 6 191 85 128 331 513 571 582
2 6 81 128 142 354 405 571 582
2 6 58 128 142 331 354 405 582
2 6 174 85 128 142 331 354 582
2 6 122 128 142 331 354 513 571
2 6 42 128 331 405 513 571 582
2 6 75 85 128 354 405 571 582
2 6 97 85 142 331 354 405 571
2 6 49 128 142 331 354 405 571
2 6 123 128 142 354 405 513 582
2 6 108 142 331 354 513 571 582
2 6 197 85 331 405 513 571 582
2 6 68 85 128 331 405 513 582
2 6 97 128 142 331 354 571 582
2 6 60 85 128 142 354 405 571
2 6 27 85 128 142 331 405 582
2 6 217 142 331 354 405 571 582
3 26
3 7 114 6 58 95 151 267 540 582
3 7 98 6 58 95 151 267 554 582
3 7 53 6 58 95 267 422 540 582
3 7 106 6 58 267 369 422 540 554
3 7 235 6 58 95 151 369 422 554
3 7 115 95 151 267 369 422 554 582
3 7 45 6 58 95 151 422 554 582
3 7 68 58 95 151 267 422 540 554
3 7 78 6 58 95 151 267 369 422
3 7 114 6 58 95 151 422 540 554
3 7 78 95 151 267 369 422 540 582
3 7 116 58 267 369 422 540 554 582
3 7 44 6 95 151 267 369 422 554
3 7 40 6 58 151 267 422 540 582
3 7 67 6 58 151 267 369 540 554
3 7 114 6 58 151 267 540 554 582
3 7 81 6 58 95 267 369 540 554
3 7 52 6 58 95 151 267 540 554
3 7 353 58 151 369 422 540 554 582
3 7 67 6 95 151 267 369 422 540
3 7 148 58 95 267 422 540 554 582
3 7 66 6 95 151 369 422 554 582
3 7 173 6 58 151 369 422 540 582
3 7 79 6 267 369 422 540 554 582
3 7 62 58 95 151 267 369 554 582
3 7 116 58 95 267 369 422 540 582
4 2
4 1 150 45
4 1 80 267
5 15
5 5 129 45 87 240 410 704
5 5 209 45 87 240 410 592
5 5 119 87 240 343 410 704
5 5 188 45 240 410 592 704
5 5 146 45 87 410 592 704
5 5 223 45 240 343 410 704
5 5 96 45 87 240 343 410
5 5 153 240 343 410 592 704
5 5 157 45 87 343 592 704
5 5 96 87 240 410 592 704
5 5 219 87 343 410 592 704
5 5 116 45 87 343 410 592
5 5 84 45 240 343 410 592
5 5 153 45 87 240 592 704
5 5 238 45 87 343 410 704
6 3
6 2 438 273 704
6 2 193 273 412
6 2 141 412 704
7 2
7 1 179 273
7 1 165 231
8 20
8 6 210 41 231 371 380 384 461
8 6 232 41 52 310 371 384 423
8 6 155 41 231 310 380 423 461
8 6 169 41 52 231 310 380 461
8 6 356 41 52 231 310 423 461
8 6 268 41 52 231 371 423 461
8 6 300 52 231 371 380 423 461
8 6 208 41 52 310 371 380 384
8 6 174 41 52 310 371 423 461
8 6 274 41 52 310 371 380 423
8 6 223 41 52 371 380 384 423
8 6 266 41 52 231 310 380 423
8 6 164 41 52 380 384 423 461
8 6 185 52 231 310 384 423 461
8 6 174 41 52 371 380 384 461
8 6 171 41 52 231 371 380 423
8 6 216 52 231 310 371 423 461
8 6 188 41 231 310 371 384 461
8 6 293 52 231 371 380 384 423
8 6 196 41 52 231 384 423 461
9 11
9 5 352 116 346 371 720 725
9 5 391 244 346 371 720 725
9 5 253 116 244 346 371 725
9 5 222 116 346 367 371 725
9 5 234 116 367 371 720 725
9 5 306 244 367 371 720 725
9 5 258 244 346 367 720 725
9 5 282 116 346 367 720 725
9 5 225 116 346 367 371 720
9 5 369 346 367 371 720 725
9 5 309 116 244 346 367 371
10 4
10 3 424 149 228 244
10 3 231 228 244 718
10 3 258 149 228 718
10 3 348 149 244 718
11 13
11 6 343 54 66 149 313 611 709
11 6 356 66 75 135 149 313 709
11 6 231 75 135 149 313 708 709
11 6 413 75 135 149 611 708 709
11 6 226 54 75 135 149 611 708
11 6 221 54 66 149 313 611 708
11 6 268 54 66 75 135 313 611
11 6 292 54 75 135 313 708 709
11 6 279 54 66 75 313 611 708
11 6 224 66 135 313 611 708 709
11 6 272 66 75 149 313 611 709
11 6 364 54 66 75 611 708 709
11 6 285 135 149 313 611 708 709
12 17
12 6 239 11 75 399 471 608 737
12 6 296 11 75 132 399 691 706
12 6 429 132 399 471 608 691 706
12 6 272 75 399 608 691 706 737
12 6 341 75 132 471 691 706 737
12 6 353 75 132 399 608 691 737
12 6 283 75 132 399 471 608 737
12 6 276 11 75 132 608 691 706
12 6 270 75 132 399 471 706 737
12 6 361 11 132 399 471 706 737
12 6 253 11 75 399 471 706 737
12 6 374 11 75 399 691 706 737
12 6 294 11 75 471 608 706 737
12 6 328 11 75 399 608 691 737
12 6 337 11 132 608 691 706 737
12 6 284 11 75 132 399 608 691
12 6 278 11 132 399 471 691 737
13 8
13 5 348 77 123 292 578 706
13 5 357 12 77 123 445 706
13 5 286 123 292 445 578 706
13 5 290 12 77 123 292 578
13 5 295 77 123 292 445 706
13 5 289 12 77 123 578 706
13 5 277 12 77 123 292 445
13 5 289 12 123 292 445 578
14 10
14 6 292 123 202 472 474 524 525
14 6 349 91 123 474 524 525 742
14 6 268 91 123 202 472 474 524
14 6 342 91 123 202 472 474 742
14 6 282 91 123 202 472 474 525
14 6 288 123 202 472 474 524 742
14 6 448 91 202 472 524 525 742
14 6 343 123 472 474 524 525 742
14 6 354 91 202 472 474 524 742
14 6 345 91 123 202 472 524 525
15 24
15 12 376 32 134 179 285 290 411 505 507 526 583 730 742
15 12 375 32 81 285 290 505 507 519 526 583 714 726 742
15 12 313 32 81 179 285 290 411 507 519 526 714 730 742
15 12 281 32 81 179 285 411 507 519 526 583 714 726 730
15 12 333 32 179 285 290 411 505 526 583 714 726 730 742
15 12 533 32 179 285 290 411 505 507 519 526 583 726 742
15 12 425 134 179 290 411 505 507 519 526 583 714 730 742
15 12 348 32 81 134 179 290 411 505 519 526 726 730 742
15 12 378 32 81 134 285 290 411 505 507 519 583 714 726
15 12 321 32 134 179 285 290 411 505 507 519 583 726 742
15 12 275 134 179 285 290 411 505 507 526 583 714 726 742
15 12 359 32 134 179 285 290 505 519 526 583 726 730 742
15 12 454 32 81 179 285 290 411 507 519 526 583 726 730
15 12 465 32 134 285 290 411 505 507 519 583 714 726 730
15 12 372 32 81 179 290 411 507 519 526 583 714 726 730
15 12 450 32 81 134 179 507 519 526 583 714 726 730 742
15 12 290 32 179 285 290 411 507 519 526 583 714 730 742
15 12 301 81 134 179 285 290 411 505 507 526 714 730 742
15 12 353 32 81 134 179 285 290 411 507 526 726 730 742
15 12 290 81 134 179 285 290 505 507 519 526 583 714 726
15 12 344 134 285 290 411 505 507 519 583 714 726 730 742
15 12 333 32 81 134 179 285 290 411 507 519 583 714 730
15 12 349 32 81 134 290 505 507 519 526 583 714 730 742
15 12 283 32 134 179 290 411 505 507 519 583 714 726 730
16 2
16 1 397 612
16 1 357 507
17 9
17 3 322 10 300 465
17 3 562 300 465 612
17 3 330 10 182 612
17 3 356 182 465 612
17 3 329 182 300 612
17 3 447 10 465 612
17 3 426 182 300 465
17 3 378 10 182 300
17 3 315 10 300 612
18 3
18 2 403 300 552
18 2 401 294 552
18 2 417 294 300
19 4
19 3 355 294 388 744
19 3 435 388 454 744
19 3 419 294 454 744
19 3 359 294 388 454
20 10
20 3 524 31 434 454
20 3 367 31 38 454
20 3 387 38 434 454
20 3 353 31 38 434
20 3 354 38 454 509
20 3 483 31 38 509
20 3 449 31 454 509
20 3 343 38 434 509
20 3 326 434 454 509
20 3 367 31 434 509
21 20
21 10 430 60 161 177 381 417 433 434 517 562 670
21 10 406 60 76 161 177 417 433 562 574 658 670
21 10 436 60 76 161 381 417 434 562 574 658 670
21 10 353 59 60 76 161 381 417 433 517 658 670
21 10 363 59 60 76 177 417 433 434 562 574 670
21 10 396 59 60 76 161 417 433 434 517 562 670
21 10 462 60 76 161 177 417 434 517 562 574 658
21 10 356 60 76 177 381 417 433 517 562 658 670
21 10 505 59 76 381 417 433 517 562 574 658 670
21 10 419 59 60 76 161 177 417 433 434 517 670
21 10 354 59 60 76 177 381 417 562 574 658 670
21 10 374 59 60 76 161 177 381 562 574 658 670
21 10 389 59 60 76 161 417 433 434 562 658 670
21 10 382 59 60 177 417 433 434 517 574 658 670
21 10 491 59 76 161 177 433 434 562 574 658 670
21 10 450 60 76 161 381 417 433 434 517 562 574
21 10 449 60 76 177 417 434 517 562 574 658 670
21 10 461 59 60 76 161 381 417 433 434 517 574
21 10 400 59 60 381 417 433 517 562 574 658 670
21 10 535 60 161 417 433 434 517 562 574 658 670
22 2
22 1 376 312
22 1 410 670
23 13
23 5 480 33 175 312 491 568
23 5 457 33 175 305 312 568
23 5 478 175 305 312 491 568
23 5 384 33 312 374 491 568
23 5 462 33 305 312 374 491
23 5 529 175 305 374 491 568
23 5 449 175 312 374 491 568
23 5 408 175 305 312 374 491
23 5 462 305 312 374 491 568
23 5 420 33 175 305 312 491
23 5 560 33 175 305 374 491
23 5 557 33 175 312 374 491
23 5 397 33 175 374 491 568
24 27
24 14 430 8 181 241 269 279 295 352 494 495 544 553 623 627 657
24 14 394 8 108 175 181 269 295 345 494 495 544 553 596 623 627
24 14 434 8 241 269 279 295 345 463 494 495 544 553 623 627 657
24 14 427 8 108 181 241 269 295 345 463 494 495 544 553 596 627
24 14 465 108 181 269 279 295 345 352 463 495 553 596 623 627 657
24 14 522 108 175 241 269 279 295 345 352 463 494 495 544 623 657
24 14 505 108 175 241 269 279 352 463 495 544 553 596 623 627 657
24 14 407 8 108 175 269 279 295 345 463 494 553 596 623 627 657
24 14 464 8 108 175 181 241 269 295 345 463 495 544 596 623 657
24 14 452 8 108 175 181 241 269 295 345 352 495 544 553 623 657
24 14 410 8 108 175 241 279 295 345 463 495 544 553 623 627 657
24 14 459 8 175 181 241 269 295 345 352 463 495 544 553 623 627
24 14 476 8 108 175 181 241 269 279 345 352 463 494 553 596 627
24 14 474 8 108 175 181 241 269 279 345 352 463 544 553 596 623
24 14 447 108 175 181 241 269 295 345 352 463 494 495 544 623 627
24 14 438 8 175 181 241 269 352 463 494 495 544 596 623 627 657
24 14 382 8 108 175 181 241 279 295 352 463 494 544 553 596 623
24 14 485 8 108 175 269 279 295 345 352 463 495 544 596 623 627
24 14 378 8 108 175 241 269 279 295 345 352 463 544 553 627 657
24 14 407 8 108 175 181 241 269 295 345 352 463 494 495 544 623
24 14 386 8 108 175 181 269 279 345 352 463 494 495 553 627 657
24 14 387 8 108 175 181 279 345 352 463 494 495 544 596 627 657
24 14 469 8 108 175 181 279 345 352 463 494 495 553 623 627 657
24 14 421 8 108 175 181 241 269 279 345 463 495 544 596 623 657
24 14 508 8 108 175 279 345 352 463 494 495 544 553 596 623 657
24 14 402 108 175 181 269 279 295 345 352 463 494 495 553 596 657
24 14 548 8 108 175 181 241 295 345 463 494 495 544 553 623 657
25 13
25 6 432 103 114 117 567 645 693
25 6 391 8 103 114 453 645 693
25 6 460 103 117 378 453 645 693
25 6 398 114 378 453 567 645 693
25 6 399 8 103 114 378 453 567
25 6 466 8 103 114 117 453 693
25 6 533 114 117 378 453 645 693
25 6 392 8 103 114 117 378 453
25 6 432 8 103 114 567 645 693
25 6 528 8 103 114 117 567 693
25 6 460 103 114 117 453 567 693
25 6 396 114 117 378 453 567 645
25 6 581 103 378 453 567 645 693
26 18
26 10 589 18 49 138 188 232 248 276 438 668 734
26 10 565 18 49 117 138 232 248 276 447 559 734
26 10 643 23 49 117 138 188 232 248 447 668 734
26 10 433 18 23 117 138 188 232 276 438 668 734
26 10 477 18 23 49 117 138 188 232 438 668 734
26 10 438 49 117 138 232 248 276 447 559 668 734
26 10 399 23 49 117 138 188 248 276 438 559 734
26 10 484 117 138 188 232 248 276 438 559 668 734
26 10 456 23 49 117 138 188 232 248 276 438 447
26 10 469 49 117 138 188 248 276 438 559 668 734
26 10 503 18 49 117 138 188 232 248 276 438 559
26 10 589 18 23 49 117 232 276 438 447 668 734
26 10 710 23 117 138 188 232 248 438 447 559 668
26 10 618 23 117 138 188 248 276 438 447 559 734
26 10 501 18 49 117 138 248 276 438 447 559 668
26 10 416 18 117 138 188 232 248 276 438 559 734
26 10 460 23 49 117 138 232 248 276 447 559 668
26 10 469 18 49 117 138 232 276 438 559 668 734
27 19
27 9 467 30 130 328 358 518 649 662 728 743
27 9 490 30 130 252 328 438 518 649 662 686
27 9 539 30 328 358 438 649 662 686 728 743
27 9 493 30 130 252 358 438 518 649 662 743
27 9 435 30 130 328 358 438 649 662 686 728
27 9 444 30 130 252 328 358 438 518 649 686
27 9 551 130 328 358 438 518 649 662 728 743
27 9 485 30 130 252 328 358 518 649 662 743
27 9 543 30 130 252 358 438 662 686 728 743
27 9 507 30 130 252 438 518 649 662 686 743
27 9 436 30 130 252 328 358 438 518 662 686
27 9 643 130 252 328 358 438 518 662 686 743
27 9 507 30 328 358 518 649 662 686 728 743
27 9 490 30 130 358 438 518 649 662 686 743
27 9 534 130 252 328 358 518 649 662 686 728
27 9 565 130 252 438 518 649 662 686 728 743
27 9 485 130 252 328 438 518 649 662 686 743
27 9 497 30 130 328 358 438 518 649 686 743
27 9 474 30 358 438 518 649 662 686 728 743
28 4
28 3 529 37 630 649
28 3 501 630 649 682
28 3 502 37 630 682
28 3 473 37 649 682
29 3
29 2 459 37 159
29 2 546 37 271
29 2 549 159 271
30 11
30 4 530 99 156 159 437
30 4 507 99 159 437 697
30 4 532 24 99 159 697
30 4 538 99 156 159 697
30 4 667 24 99 156 159
30 4 587 156 159 437 697
30 4 482 24 99 156 437
30 4 593 24 99 156 697
30 4 468 24 156 437 697
30 4 592 24 156 159 697
30 4 456 24 159 437 697
31 15
31 1 553 408
31 1 636 335
31 1 489 384
31 1 623 508
31 1 481 87
31 1 614 305
31 1 565 67
31 1 605 168
31 1 502 481
31 1 540 348
31 1 505 371
31 1 580 54
31 1 661 50
31 1 483 535
31 1 524 660
32 4
32 3 561 237 467 697
32 3 618 309 467 697
32 3 496 237 309 697
32 3 555 237 309 467
33 16
33 12 666 56 84 152 167 185 199 325 382 467 481 492 703
33 12 524 56 84 152 167 185 199 322 325 467 481 585 703
33 12 527 56 152 167 185 199 322 382 462 467 481 492 585
33 12 521 152 167 199 318 322 325 382 467 481 492 585 703
33 12 625 56 152 167 185 322 382 462 467 481 492 585 703
33 12 581 56 84 152 199 318 322 325 382 462 467 481 492
33 12 521 56 84 167 185 199 318 322 325 382 481 585 703
33 12 505 56 84 152 185 199 318 322 467 481 492 585 703
33 12 527 56 84 152 199 318 322 325 382 462 467 492 703
33 12 701 56 84 152 167 185 199 318 325 382 481 492 585
33 12 485 56 84 152 167 185 325 382 462 467 481 492 703
33 12 524 56 84 199 318 322 325 382 462 467 481 492 585
33 12 580 56 84 152 167 199 322 325 382 462 492 585 703
33 12 560 56 84 152 167 199 322 325 382 467 481 492 703
33 12 581 56 152 167 185 199 318 325 382 462 467 481 492
33 12 583 56 84 199 318 322 325 382 467 481 492 585 703
34 17
34 18 559 36 56 143 145 195 213 234 236 245 264 446 451 483 516 617 644 664 701
34 18 598 56 143 145 213 234 236 245 302 339 446 450 451 483 512 617 664 701 712
34 18 498 36 145 195 234 236 245 264 302 339 446 450 451 466 483 512 516 701 712
34 18 584 56 145 195 213 234 245 264 339 446 451 466 483 512 617 644 664 701 712
34 18 552 36 56 145 195 213 236 245 264 302 339 450 451 466 512 516 617 644 701
34 18 519 36 56 145 195 234 236 245 264 302 339 446 450 451 466 516 617 644 701
34 18 601 56 143 145 195 213 234 245 302 446 450 451 466 483 617 644 664 701 712
34 18 661 36 143 145 213 234 236 302 339 450 466 483 512 516 617 644 664 701 712
34 18 532 36 56 145 195 213 234 236 264 339 446 451 466 483 512 516 644 701 712
34 18 594 56 143 213 234 236 264 302 339 446 451 483 512 516 617 644 664 701 712
34 18 522 36 56 143 145 213 234 236 245 264 302 446 450 483 512 516 644 664 712
34 18 631 36 56 143 145 213 234 236 245 264 302 339 446 450 466 483 516 644 664
34 18 514 56 143 145 234 236 264 302 339 446 450 451 466 512 516 644 664 701 712
34 18 559 36 56 195 213 234 236 245 264 302 446 450 451 483 516 617 664 701 712
34 18 504 56 145 213 234 236 245 302 339 446 450 451 466 483 512 516 644 664 712
34 18 580 36 56 143 195 213 236 245 264 302 339 450 451 483 512 516 644 701 712
34 18 532 36 143 145 195 213 234 245 302 339 446 450 451 483 512 516 617 701 712
35 12
35 4 571 19 187 622 669
35 4 647 19 466 564 669
35 4 547 19 564 622 669
35 4 546 19 187 466 564
35 4 640 19 187 466 622
35 4 563 19 187 564 669
35 4 532 19 187 466 669
35 4 545 19 466 564 622
35 4 667 19 187 564 622
35 4 598 187 564 622 669
35 4 618 187 466 564 669
35 4 650 19 466 622 669
36 13
36 5 617 42 90 105 504 604
36 5 520 19 42 105 183 504
36 5 613 19 42 105 504 604
36 5 636 19 42 105 183 604
36 5 644 19 42 90 183 604
36 5 570 19 42 183 504 604
36 5 533 19 42 90 183 504
36 5 779 42 90 105 183 504
36 5 611 19 90 105 183 504
36 5 574 42 90 183 504 604
36 5 522 19 90 105 504 604
36 5 718 90 105 183 504 604
36 5 770 42 105 183 504 604
37 2
37 1 571 604
37 1 584 545
38 12
38 21 653 53 98 113 150 160 206 223 287 335 337 395 396 431 442 460 479 520 534 542 551 599
38 21 631 53 98 150 160 206 223 287 335 395 442 520 529 534 537 542 545 551 575 599 639 724
38 21 641 53 98 104 113 150 206 223 337 395 431 442 460 479 520 529 534 537 542 545 551 599
38 21 661 53 98 113 160 223 287 335 385 395 431 442 479 520 529 537 542 551 575 599 639 724
38 21 555 53 98 104 113 150 223 337 385 395 396 431 479 529 534 537 545 551 575 599 639 724
38 21 615 53 104 113 150 206 223 335 337 396 431 442 460 479 520 534 537 542 551 599 639 724
38 21 568 113 150 160 206 223 287 335 337 385 395 396 431 442 520 529 534 537 551 575 599 639
38 21 637 53 104 150 160 206 223 287 385 395 396 431 442 460 479 520 529 534 545 599 639 724
38 21 604 53 98 160 206 223 287 335 337 385 396 460 479 520 529 534 537 545 551 575 599 639
38 21 604 53 98 104 113 150 160 206 287 335 337 385 396 442 460 529 537 542 545 575 639 724
38 21 702 53 98 113 150 223 287 335 337 395 396 431 442 460 520 529 534 537 545 551 599 639
38 21 745 53 98 104 113 150 160 206 223 287 335 337 395 431 442 460 479 537 542 545 639 724
39 3
39 2 672 303 442
39 2 598 317 442
39 2 683 303 317
40 2
40 1 584 303
40 1 630 2
41 2
41 1 585 584
41 1 590 2
42 18
42 26 636 21 127 139 208 209 220 230 256 299 394 401 414 424 456 458 475 523 550 555 573 581 584 593 632 694 733
42 26 620 102 139 208 209 230 256 299 324 329 361 394 414 424 456 458 475 523 550 573 584 593 602 628 632 707 733
42 26 647 21 139 191 208 209 299 324 329 394 401 414 424 456 523 550 555 573 581 584 593 598 602 628 632 707 733
42 26 757 21 139 191 208 220 256 299 324 329 361 394 401 414 456 475 523 550 555 581 584 593 598 602 694 707 733
42 26 673 21 102 139 191 208 209 230 256 324 394 401 414 424 458 475 523 550 573 581 593 598 602 628 632 694 733
42 26 708 102 127 139 191 208 209 220 230 299 324 361 394 401 414 424 456 475 523 550 555 593 602 632 694 707 733
42 26 624 102 127 139 191 208 209 220 230 256 324 329 361 394 414 424 475 523 550 555 581 584 593 598 628 694 733
42 26 753 21 102 127 139 191 208 220 230 324 329 394 401 414 456 458 475 523 555 573 581 593 598 602 632 694 707
42 26 623 21 102 127 139 191 209 220 230 256 299 324 329 394 401 424 456 458 523 581 584 593 602 628 632 694 733
42 26 705 102 139 191 209 230 256 299 324 361 394 401 414 424 456 458 475 550 555 584 593 598 628 632 694 707 733
42 26 655 102 127 139 191 208 230 256 299 324 361 394 401 414 424 456 458 550 555 581 584 598 602 628 694 707 733
42 26 826 21 127 191 208 209 220 230 256 299 329 361 394 401 456 458 475 523 555 573 581 584 593 602 628 632 707
42 26 671 21 102 191 209 256 299 329 361 394 401 424 456 458 475 550 555 573 581 584 593 598 602 628 694 707 733
42 26 694 21 102 127 191 208 209 220 256 324 401 414 424 456 458 475 550 581 584 593 598 602 628 632 694 707 733
42 26 632 21 127 139 208 209 220 230 256 299 324 329 394 401 414 424 456 458 523 573 584 593 598 628 694 707 733
42 26 622 102 127 139 208 209 220 230 256 361 394 414 424 456 458 475 523 550 573 581 584 593 598 602 632 694 733
42 26 588 102 127 139 191 208 209 220 299 329 361 394 401 424 456 475 523 550 555 573 581 584 593 598 628 632 694
42 26 604 102 127 139 191 220 230 256 324 329 361 394 401 414 424 523 555 573 581 584 593 598 602 628 632 707 733
43 3
43 2 697 341 424
43 2 622 424 533
43 2 644 341 533
44 9
44 3 639 118 122 533
44 3 669 122 533 607
44 3 647 112 118 533
44 3 650 118 122 607
44 3 612 118 533 607
44 3 641 112 533 607
44 3 737 112 122 533
44 3 681 112 118 607
44 3 753 112 118 122
45 2
45 1 671 448
45 1 837 118
46 4
46 3 894 323 448 659
46 3 828 255 323 448
46 3 720 255 448 659
46 3 777 255 323 659
47 3
47 2 847 323 739
47 2 852 661 739
47 2 700 323 661
48 4
48 3 754 5 283 647
48 3 729 283 647 661
48 3 756 5 283 661
48 3 736 5 647 661
49 19
49 9 716 29 200 217 242 257 283 468 501 557
49 9 736 29 200 217 242 257 283 386 403 501
49 9 865 29 200 242 283 386 403 468 501 557
49 9 784 29 200 217 253 257 283 386 501 557
49 9 753 29 253 257 283 386 403 468 501 557
49 9 886 200 217 242 257 283 386 403 468 557
49 9 732 29 200 217 242 253 257 403 468 557
49 9 691 29 217 242 253 257 283 386 403 501
49 9 769 29 200 242 257 283 386 403 501 557
49 9 750 29 200 217 242 257 283 403 468 501
49 9 900 200 217 242 253 257 283 386 501 557
49 9 800 29 200 217 242 257 386 468 501 557
49 9 791 200 217 242 253 257 283 468 501 557
49 9 774 29 242 253 257 283 386 403 468 557
49 9 828 29 200 242 253 257 386 403 468 501
49 9 789 29 200 242 253 257 283 403 468 501
49 9 754 200 217 253 257 283 386 403 468 501
49 9 778 29 200 217 242 253 283 386 468 557
49 9 730 29 200 217 253 283 386 403 501 557
50 3
50 2 887 242 640
50 2 720 640 721
50 2 689 242 721
51 22
51 7 729 71 214 254 327 428 487 721
51 7 769 214 254 327 428 487 713 721
51 7 758 3 71 214 327 389 487 721
51 7 697 3 214 327 389 487 713 721
51 7 869 3 214 254 327 389 487 713
51 7 809 71 214 254 389 487 713 721
51 7 821 71 214 254 327 487 713 721
51 7 732 3 214 327 389 428 487 721
51 7 771 3 71 254 389 428 713 721
51 7 771 3 71 254 327 428 713 721
51 7 992 71 214 327 389 428 487 721
51 7 855 3 254 327 389 487 713 721
51 7 757 3 214 254 327 389 428 721
51 7 783 71 214 327 389 428 713 721
51 7 790 3 71 214 254 389 428 721
51 7 759 3 71 214 254 428 487 713
51 7 876 3 71 214 327 428 713 721
51 7 759 71 214 327 389 487 713 721
51 7 739 3 71 214 254 428 713 721
51 7 774 3 254 327 428 487 713 721
51 7 760 3 71 254 327 487 713 721
51 7 821 3 71 254 327 389 428 721
52 3
52 2 721 531 710
52 2 782 327 710
52 2 818 327 531
53 23
53 6 868 110 210 251 350 615 710
53 6 824 46 110 350 610 615 710
53 6 804 46 110 251 350 610 710
53 6 893 46 110 210 350 610 679
53 6 829 46 110 350 610 679 710
53 6 792 110 210 350 610 679 710
53 6 865 46 210 251 610 615 710
53 6 790 251 350 610 615 679 710
53 6 819 110 251 350 610 615 710
53 6 805 110 210 350 615 679 710
53 6 785 110 210 251 350 610 710
53 6 814 110 210 251 610 615 679
53 6 744 210 251 610 615 679 710
53 6 892 46 110 251 350 610 679
53 6 820 46 110 251 610 679 710
53 6 740 110 251 350 610 615 679
53 6 742 210 251 350 615 679 710
53 6 772 46 210 251 615 679 710
53 6 764 46 110 251 615 679 710
53 6 771 46 110 210 251 615 710
53 6 772 46 251 610 615 679 710
53 6 769 46 110 210 350 615 679
53 6 793 46 110 210 251 350 610
54 18
54 6 743 51 101 170 316 615 624
54 6 885 51 101 316 548 572 624
54 6 835 51 170 316 615 624 633
54 6 947 101 170 316 548 615 624
54 6 748 51 101 170 615 624 633
54 6 759 101 170 316 572 615 624
54 6 755 51 101 170 548 572 615
54 6 744 170 316 548 572 615 633
54 6 764 51 101 170 316 548 615
54 6 863 51 101 170 316 548 572
54 6 747 51 316 548 572 624 633
54 6 980 51 170 548 572 615 633
54 6 778 101 170 316 548 572 624
54 6 761 101 316 548 572 624 633
54 6 776 51 101 572 615 624 633
54 6 870 101 170 316 615 624 633
54 6 864 51 101 170 572 615 633
54 6 847 51 101 548 572 615 633
55 14
55 4 752 101 140 618 655
55 4 866 101 140 436 655
55 4 793 101 140 436 485
55 4 834 140 485 618 655
55 4 769 101 485 618 655
55 4 938 101 436 485 618
55 4 899 140 436 618 655
55 4 814 140 436 485 618
55 4 744 101 140 485 618
55 4 896 101 140 436 618
55 4 867 101 436 485 655
55 4 769 101 140 485 655
55 4 817 140 436 485 655
55 4 772 436 485 618 655
56 9
56 4 800 171 618 692 741
56 4 878 129 646 692 741
56 4 792 129 171 692 741
56 4 830 129 171 646 692
56 4 844 618 646 692 741
56 4 842 171 618 646 741
56 4 785 129 171 618 646
56 4 831 129 618 646 741
56 4 900 171 646 692 741
57 21
57 6 816 163 484 515 530 597 614
57 6 921 268 484 498 530 597 614
57 6 911 129 268 484 498 597 614
57 6 876 129 163 484 515 530 614
57 6 854 129 484 498 515 530 614
57 6 894 129 268 484 498 530 597
57 6 845 129 268 498 515 530 597
57 6 854 129 163 268 498 515 530
57 6 927 129 268 484 498 515 614
57 6 957 129 163 498 515 530 614
57 6 871 163 268 498 515 597 614
57 6 973 268 498 515 530 597 614
57 6 879 129 163 268 498 530 614
57 6 866 163 484 498 515 530 614
57 6 919 129 268 484 498 515 530
57 6 898 163 268 498 530 597 614
57 6 850 163 484 498 515 530 597
57 6 936 129 163 484 498 530 614
57 6 894 129 163 268 484 498 515
57 6 857 129 268 484 515 530 597
57 6 970 129 163 268 515 530 614
58 22
58 9 869 13 64 144 174 351 497 577 591 675
58 9 852 64 144 163 174 375 497 577 591 675
58 9 938 7 13 64 144 351 375 497 577 591
58 9 963 7 13 64 144 163 174 375 497 675
58 9 882 13 64 144 163 174 375 497 577 591
58 9 823 7 64 144 163 174 259 351 375 675
58 9 950 13 64 163 174 351 375 577 591 675
58 9 833 7 13 64 163 174 259 375 577 591
58 9 942 7 13 64 174 259 351 375 577 675
58 9 919 7 13 64 163 174 375 577 591 675
58 9 935 144 163 174 259 351 375 577 591 675
58 9 939 7 13 64 163 351 375 497 577 675
58 9 951 64 163 174 351 375 497 577 591 675
58 9 851 13 144 174 259 351 375 497 591 675
58 9 823 7 13 64 144 163 259 375 591 675
58 9 961 7 64 174 259 351 375 497 577 591
58 9 889 13 144 174 259 351 375 577 591 675
58 9 973 7 13 64 144 163 174 259 375 577
58 9 879 64 163 174 259 351 375 577 591 675
58 9 901 64 144 163 259 351 375 497 591 675
58 9 838 7 13 144 174 259 351 577 591 675
58 9 888 144 163 174 259 375 497 577 591 675
59 25
59 9 941 74 360 376 459 506 631 641 660 666
59 9 908 74 360 376 459 499 506 577 641 660
59 9 873 74 360 376 459 506 577 641 660 666
59 9 878 74 360 376 499 577 586 631 641 666
59 9 850 74 360 459 499 506 577 631 641 660
59 9 926 360 376 459 506 577 631 641 660 666
59 9 872 360 376 459 506 577 586 631 660 666
59 9 883 360 376 459 499 506 586 631 641 666
59 9 939 74 360 459 499 506 577 586 631 660
59 9 871 376 459 499 506 577 586 631 641 660
59 9 844 74 360 376 459 506 586 631 641 660
59 9 946 74 360 459 499 506 577 586 641 666
59 9 854 74 360 376 506 577 586 631 641 660
59 9 861 74 360 459 499 506 586 631 641 660
59 9 996 74 360 376 459 499 506 631 641 660
59 9 923 74 376 459 499 577 631 641 660 666
59 9 886 74 360 459 506 577 586 641 660 666
59 9 918 74 459 499 506 577 586 631 641 660
59 9 863 74 360 376 506 577 586 641 660 666
59 9 867 74 499 506 577 586 631 641 660 666
59 9 898 74 360 376 459 499 506 641 660 666
59 9 835 360 376 459 499 506 577 586 631 660
59 9 902 74 360 376 459 499 577 631 641 660
59 9 851 360 376 459 499 577 631 641 660 666
59 9 866 74 376 459 499 506 586 631 641 660
60 22
60 11 953 186 263 272 282 376 393 398 419 589 606 687
60 11 987 43 186 263 376 393 398 419 464 521 589 687
60 11 873 43 186 263 272 376 393 398 419 441 464 521
60 11 920 186 263 272 282 398 419 441 464 589 606 687
60 11 886 43 263 282 376 393 398 419 441 521 589 606
60 11 935 43 186 272 282 376 393 398 441 464 521 606
60 11 885 186 263 272 376 393 398 419 441 521 606 687
60 11 862 43 186 263 272 376 393 419 441 464 589 687
60 11 871 186 263 272 282 393 419 441 521 589 606 687
60 11 882 43 186 263 272 282 376 419 441 521 606 687
60 11 861 43 272 282 376 398 419 441 464 521 589 687
60 11 1020 43 186 263 282 376 393 398 419 441 464 687
60 11 949 263 272 376 393 398 419 441 464 521 589 606
60 11 888 43 186 263 282 376 393 398 419 441 521 589
60 11 1010 263 272 282 376 393 398 441 464 589 606 687
60 11 1018 43 186 272 282 376 419 441 464 521 589 687
60 11 879 43 186 263 272 393 398 419 441 464 606 687
60 11 983 43 186 263 272 376 393 419 464 521 606 687
60 11 880 43 186 282 376 398 419 441 521 589 606 687
60 11 879 43 186 263 282 376 419 441 464 521 606 687
60 11 980 43 186 263 272 376 393 398 441 464 521 589
60 11 858 43 186 263 272 376 393 398 419 441 521 606
61 17
61 1 905 287
61 1 932 408
61 1 919 340
61 1 909 156
61 1 1070 227
61 1 904 215
61 1 939 112
61 1 965 60
61 1 1024 3
61 1 1042 80
61 1 984 368
61 1 912 200
61 1 1033 325
61 1 960 264
61 1 1071 171
61 1 969 318
61 1 943 396
62 11
62 4 1088 190 569 671 699
62 4 934 193 569 671 699
62 4 996 190 193 569 699
62 4 1001 190 419 671 699
62 4 1026 190 193 569 671
62 4 984 193 419 569 699
62 4 1037 419 569 671 699
62 4 919 190 193 419 569
62 4 973 190 419 569 699
62 4 1014 193 419 671 699
62 4 996 190 419 569 671
63 22
63 6 995 190 397 503 588 676 745
63 6 1021 190 243 397 439 503 745
63 6 1000 243 397 439 503 588 676
63 6 957 243 420 439 503 676 745
63 6 965 190 439 503 588 676 745
63 6 1069 190 243 439 503 588 745
63 6 1180 243 420 503 588 676 745
63 6 969 190 243 439 588 676 745
63 6 912 190 243 420 439 503 588
63 6 992 190 243 397 588 676 745
63 6 946 190 397 420 439 503 745
63 6 914 190 243 397 503 588 745
63 6 955 190 243 397 503 588 676
63 6 925 190 243 503 588 676 745
63 6 1166 397 420 439 503 588 745
63 6 1002 243 397 420 439 503 588
63 6 1025 190 243 397 439 503 676
63 6 1152 397 439 503 588 676 745
63 6 987 243 439 503 588 676 745
63 6 1009 190 243 439 503 588 676
63 6 919 190 243 397 439 588 676
63 6 929 190 397 420 588 676 745
64 16
64 6 953 63 166 243 315 319 392
64 6 979 63 147 166 243 261 392
64 6 987 63 147 243 261 319 392
64 6 1038 63 147 166 261 315 319
64 6 1122 63 243 261 315 319 392
64 6 987 63 166 243 261 315 392
64 6 1030 63 147 243 315 319 392
64 6 1023 147 166 261 315 319 392
64 6 977 63 147 166 243 315 319
64 6 964 147 166 243 315 319 392
64 6 1096 63 147 166 243 315 392
64 6 1010 147 166 243 261 315 319
64 6 968 63 147 166 243 319 392
64 6 991 63 147 243 261 315 392
64 6 1106 63 147 166 315 319 392
64 6 1036 166 243 261 315 319 392
65 14
65 5 980 115 315 333 469 625
65 5 1074 212 315 333 469 625
65 5 1085 115 207 212 315 333
65 5 1149 115 212 315 469 625
65 5 1055 115 212 315 333 625
65 5 1125 115 207 212 315 469
65 5 1053 115 207 315 469 625
65 5 1104 115 207 315 333 625
65 5 978 115 207 212 333 469
65 5 1090 115 207 315 333 469
65 5 1065 115 207 212 333 625
65 5 1003 115 212 333 469 625
65 5 1008 207 212 333 469 625
65 5 967 115 207 212 469 625
66 2
66 1 1060 212
66 1 978 580
67 2
67 1 1105 27
67 1 1078 580
68 11
68 4 1098 154 407 452 603
68 4 1197 154 407 413 452
68 4 1152 154 413 452 603
68 4 1082 27 154 413 452
68 4 1164 407 413 452 603
68 4 1206 27 154 407 413
68 4 1090 27 407 413 603
68 4 1107 27 154 407 603
68 4 1110 27 154 452 603
68 4 1121 154 407 413 603
68 4 1111 27 407 413 452
69 3
69 2 1259 452 732
69 2 1202 136 452
69 2 1160 136 732
70 4
70 3 1376 136 168 695
70 3 1229 168 695 740
70 3 1151 136 168 740
70 3 1187 136 695 740
71 6
71 3 1197 61 88 168
71 3 1149 61 88 205
71 3 1220 88 205 689
71 3 1178 88 168 689
71 3 1168 61 88 689
71 3 1203 61 205 689
72 19
72 7 1176 215 297 311 400 444 549 689
72 7 1197 215 297 301 432 435 444 549
72 7 1197 215 301 400 432 444 549 689
72 7 1332 215 297 301 400 432 444 549
72 7 1257 297 301 311 400 432 444 549
72 7 1147 297 301 311 432 444 549 689
72 7 1183 215 297 311 432 444 549 689
72 7 1227 215 311 432 435 444 549 689
72 7 1295 297 311 400 432 435 444 689
72 7 1178 215 301 400 432 435 444 549
72 7 1398 215 297 400 432 435 549 689
72 7 1150 297 311 432 435 444 549 689
72 7 1204 297 301 311 435 444 549 689
72 7 1287 215 311 400 432 444 549 689
72 7 1204 215 301 400 435 444 549 689
72 7 1279 215 297 301 311 400 444 689
72 7 1291 215 297 301 311 400 432 549
72 7 1150 215 297 311 400 432 549 689
72 7 1156 297 311 400 432 435 444 549
73 2
73 1 1271 444
73 1 1196 636
74 2
74 1 1284 636
74 1 1425 306
75 15
75 6 1390 169 418 473 673 681 738
75 6 1240 169 306 443 673 681 738
75 6 1274 169 418 426 443 673 681
75 6 1311 169 306 418 473 681 738
75 6 1383 306 418 443 673 681 738
75 6 1225 306 418 473 673 681 738
75 6 1286 306 426 443 473 681 738
75 6 1388 169 418 426 443 681 738
75 6 1274 306 418 426 673 681 738
75 6 1438 418 426 443 473 681 738
75 6 1231 306 426 443 473 673 681
75 6 1289 169 306 418 426 473 673
75 6 1219 169 306 418 443 673 738
75 6 1343 169 306 418 426 673 681
75 6 1231 169 306 426 473 681 738
76 13
76 4 1341 489 674 684 738
76 4 1283 457 616 674 738
76 4 1366 457 489 674 738
76 4 1414 457 489 616 738
76 4 1348 489 616 674 738
76 4 1369 457 489 616 674
76 4 1342 457 489 684 738
76 4 1286 457 616 684 738
76 4 1314 457 616 674 684
76 4 1360 489 616 674 684
76 4 1362 457 674 684 738
76 4 1356 616 674 684 738
76 4 1401 457 489 674 684
77 16
77 9 1500 22 70 73 146 164 359 391 480 616
77 9 1376 22 34 70 146 164 359 480 490 616
77 9 1383 70 73 146 164 359 391 480 490 749
77 9 1426 22 73 146 164 359 391 480 490 616
77 9 1382 73 146 164 359 391 480 490 616 749
77 9 1405 22 34 70 73 146 164 490 616 749
77 9 1357 22 34 70 146 359 391 480 490 616
77 9 1383 34 70 73 146 164 391 480 490 616
77 9 1386 22 70 73 359 391 480 490 616 749
77 9 1480 34 73 146 164 359 391 480 616 749
77 9 1363 22 34 70 146 164 359 391 490 749
77 9 1470 34 70 73 146 164 359 391 480 490
77 9 1494 22 34 70 146 164 359 391 490 616
77 9 1412 22 70 146 164 359 480 490 616 749
77 9 1405 22 34 70 73 359 391 480 490 616
77 9 1345 22 34 70 73 391 480 490 616 749
78 12
78 4 1410 1 86 164 390
78 4 1515 86 164 626 736
78 4 1410 86 390 626 736
78 4 1358 1 86 626 736
78 4 1390 86 164 390 736
78 4 1406 1 86 164 626
78 4 1396 1 86 164 736
78 4 1394 1 86 390 626
78 4 1436 1 86 390 736
78 4 1363 1 164 390 626
78 4 1353 86 164 390 626
78 4 1413 164 390 626 736
79 20
79 16 1455 15 25 100 119 120 157 184 270 320 330 340 478 594 626 705 746
79 16 1438 15 25 100 120 125 157 184 238 270 330 408 511 594 626 705 746
79 16 1415 15 25 83 100 120 125 184 270 320 330 340 408 478 528 626 746
79 16 1475 15 25 83 100 119 120 157 184 238 330 478 511 528 594 705 746
79 16 1445 15 25 83 100 119 125 157 184 238 320 340 408 511 594 626 705
79 16 1562 15 83 100 119 125 157 184 238 270 320 330 340 478 511 528 705
79 16 1421 25 83 100 119 125 157 184 238 320 330 340 478 511 528 626 705
79 16 1442 25 83 125 157 184 238 320 330 340 408 511 528 594 626 705 746
79 16 1430 83 119 125 184 238 270 320 330 408 478 511 528 594 626 705 746
79 16 1458 15 25 83 100 119 125 157 184 238 270 408 511 594 626 705 746
79 16 1369 15 25 83 100 119 125 157 270 320 330 340 408 511 594 626 705
79 16 1388 15 25 83 120 125 157 184 238 270 330 408 511 528 626 705 746
79 16 1381 15 25 83 100 119 157 238 270 330 340 511 528 594 626 705 746
79 16 1524 25 83 119 120 157 184 238 270 320 330 340 408 528 626 705 746
79 16 1454 15 25 100 119 120 125 157 238 270 320 330 340 511 528 594 705
79 16 1476 83 100 119 125 157 184 238 320 330 340 408 511 528 594 626 746
79 16 1370 15 25 100 119 120 157 184 330 340 408 478 511 528 626 705 746
79 16 1399 25 83 100 119 120 125 238 320 340 408 478 511 594 626 705 746
79 16 1363 15 83 100 119 120 125 157 184 238 270 320 340 408 528 594 705
79 16 1358 15 25 83 100 119 120 125 157 238 270 320 408 511 626 705 746
80 2
80 1 1389 238
80 1 1422 370
81 10
81 3 1550 78 338 605
81 3 1587 133 338 605
81 3 1603 78 133 338
81 3 1567 78 338 370
81 3 1655 133 370 605
81 3 1632 133 338 370
81 3 1549 338 370 605
81 3 1631 78 133 370
81 3 1669 78 370 605
81 3 1571 78 133 605
82 9
82 3 1613 172 364 685
82 3 1535 78 364 685
82 3 1704 78 172 364
82 3 1535 172 629 685
82 3 1525 172 364 629
82 3 1530 78 364 629
82 3 1622 364 629 685
82 3 1541 78 629 685
82 3 1614 78 172 629
83 16
83 5 1552 172 224 402 535 601
83 5 1695 172 224 427 601 717
83 5 1659 172 224 402 427 535
83 5 1693 172 224 402 427 601
83 5 1646 402 427 535 601 717
83 5 1645 224 402 427 535 601
83 5 1563 224 427 535 601 717
83 5 1550 172 224 427 535 601
83 5 1631 172 402 427 601 717
83 5 1573 172 402 427 535 717
83 5 1619 172 224 402 601 717
83 5 1581 224 402 427 535 717
83 5 1566 224 402 535 601 717
83 5 1565 224 402 427 601 717
83 5 1624 172 224 402 427 717
83 5 1597 172 427 535 601 717
84 2
84 1 1589 683
84 1 1557 601
85 11
85 4 1604 334 416 683 700
85 4 1591 258 334 455 683
85 4 1711 258 416 683 700
85 4 1695 334 416 455 683
85 4 1686 334 455 683 700
85 4 1644 258 334 416 700
85 4 1627 258 334 455 700
85 4 1647 258 455 683 700
85 4 1641 258 416 455 700
85 4 1611 334 416 455 700
85 4 1658 258 334 416 683
86 23
86 8 1622 216 266 274 348 440 488 619 621
86 8 1605 121 216 266 274 348 416 440 621
86 8 1617 121 216 266 348 416 440 488 677
86 8 1605 121 216 348 416 440 488 619 677
86 8 1703 121 266 274 348 440 488 619 621
86 8 1680 121 274 348 416 440 488 621 677
86 8 1717 266 274 348 416 440 619 621 677
86 8 1643 121 216 274 348 440 619 621 677
86 8 1601 121 216 266 348 416 440 619 621
86 8 1606 121 216 274 440 488 619 621 677
86 8 1709 216 266 274 348 440 488 621 677
86 8 1610 121 216 266 274 348 416 488 677
86 8 1592 121 274 348 416 488 619 621 677
86 8 1609 121 274 348 416 440 488 619 677
86 8 1664 121 216 266 274 348 488 619 677
86 8 1616 121 216 266 348 416 440 619 677
86 8 1600 121 266 348 416 440 488 621 677
86 8 1704 121 216 266 274 348 416 440 488
86 8 1696 266 274 348 416 440 488 621 677
86 8 1643 121 266 274 416 440 619 621 677
86 8 1705 121 216 274 348 416 488 621 677
86 8 1699 121 216 266 274 348 440 621 677
86 8 1595 216 266 274 416 440 619 621 677
87 4
87 3 1659 121 249 723
87 3 1683 126 249 723
87 3 1694 121 126 723
87 3 1731 121 126 249
88 16
88 13 1798 50 96 148 158 246 249 260 347 356 377 656 698 748
88 13 1720 50 68 96 165 246 260 296 347 356 377 486 656 698
88 13 1777 50 68 148 158 229 246 249 296 347 377 486 698 748
88 13 1830 68 148 229 246 249 260 296 347 377 486 656 698 748
88 13 1775 50 96 148 158 165 229 246 249 260 296 656 698 748
88 13 1688 50 68 96 148 158 229 246 249 347 356 486 698 748
88 13 1723 68 96 148 165 229 249 260 296 356 377 656 698 748
88 13 1720 50 68 96 148 158 165 229 246 249 296 347 356 698
88 13 1757 50 68 148 158 229 249 260 347 356 377 486 656 748
88 13 1780 50 68 148 158 165 246 249 260 347 356 377 656 748
88 13 1843 50 96 165 229 246 249 260 296 347 356 486 656 748
88 13 1810 50 68 148 158 229 246 249 296 347 356 377 656 698
88 13 1683 50 68 96 148 158 229 249 260 296 347 356 486 748
88 13 1675 50 68 148 158 165 246 249 260 296 356 377 656 698
88 13 1748 50 68 96 148 158 165 246 296 377 486 656 698 748
88 13 1700 50 68 96 148 158 165 229 246 249 260 296 356 748
89 9
89 3 1896 39 158 729
89 3 1992 39 219 729
89 3 1856 204 219 729
89 3 1807 158 204 729
89 3 1905 39 204 219
89 3 1978 39 158 204
89 3 1876 39 158 219
89 3 1811 158 204 219
89 3 1858 158 219 729
90 31
90 13 1990 162 180 265 280 298 344 353 357 514 527 539 541 595
90 13 2053 153 180 219 265 298 344 353 514 527 541 595 719 747
90 13 2036 57 153 180 219 265 280 357 514 527 539 541 595 747
90 13 2059 57 162 219 265 280 298 353 357 514 527 539 541 719
90 13 2051 57 153 180 219 265 298 353 514 527 539 595 719 747
90 13 2070 57 162 180 219 265 280 298 344 353 357 539 595 747
90 13 2001 57 153 162 180 219 265 280 344 514 541 595 719 747
90 13 2026 57 153 162 219 265 280 298 357 514 527 595 719 747
90 13 1986 57 153 265 280 298 353 357 514 527 539 541 719 747
90 13 2128 57 153 180 265 280 344 357 514 539 541 595 719 747
90 13 1990 57 153 180 219 280 298 353 514 539 541 595 719 747
90 13 2045 153 180 219 265 298 344 353 357 514 527 595 719 747
90 13 2003 57 153 162 180 265 298 344 353 357 514 539 541 747
90 13 1998 57 153 162 180 219 265 344 357 527 539 595 719 747
90 13 1993 57 162 180 219 280 298 344 353 357 514 527 595 747
90 13 2017 57 153 162 180 219 265 298 514 527 539 541 595 747
90 13 1970 57 153 162 180 265 280 298 344 357 527 539 595 719
90 13 2008 57 153 162 180 265 280 298 344 353 357 527 539 595
90 13 2158 57 153 162 180 219 265 280 344 353 357 514 539 595
90 13 1997 57 153 180 219 265 280 344 353 357 514 527 541 595
90 13 2070 153 162 180 219 280 344 353 514 527 539 595 719 747
90 13 2001 57 162 265 280 298 344 353 357 527 539 595 719 747
90 13 2080 57 153 219 280 298 344 353 514 527 539 595 719 747
90 13 1967 162 180 219 265 280 298 344 353 514 527 539 595 719
90 13 2072 57 153 219 265 344 353 357 514 527 541 595 719 747
90 13 2039 57 153 162 180 280 344 353 357 514 527 541 595 719
90 13 1998 57 153 265 280 298 353 514 527 539 541 595 719 747
90 13 2092 57 153 162 180 219 280 344 353 357 514 527 595 747
90 13 2039 57 153 162 219 265 280 298 357 527 539 541 595 747
90 13 2065 57 153 180 219 265 280 344 353 357 514 527 541 719
90 13 1968 57 153 162 180 219 265 280 298 357 514 539 595 747
91 11
91 26 2034 16 17 44 47 55 67 192 226 239 280 281 291 314 342 355 373 383 409 430 510 547 556 654 678 688 722
91 26 2135 16 17 44 55 72 80 107 192 226 239 278 280 281 291 314 355 373 383 409 493 510 556 651 654 678 722
91 26 2080 16 17 44 55 67 72 80 192 239 278 281 314 342 355 373 383 409 430 493 547 590 651 654 678 688 722
91 26 2104 16 17 44 47 55 67 72 80 107 173 192 239 278 281 291 342 373 383 430 493 510 651 654 688 702 722
91 26 2065 16 17 44 55 67 72 80 107 192 239 278 280 281 314 342 355 383 430 493 510 547 556 654 688 702 722
91 26 2044 16 44 47 67 72 80 107 173 192 226 239 278 280 281 291 314 342 409 493 556 590 651 654 678 688 722
91 26 2076 16 17 44 47 107 173 192 226 239 278 280 314 342 355 373 383 409 430 493 510 547 590 651 654 688 722
91 26 2112 17 44 47 55 67 80 173 192 226 280 281 314 342 355 383 409 430 493 510 547 556 590 651 654 678 688
91 26 2257 16 17 44 47 55 67 72 80 173 192 239 278 280 291 314 342 355 383 430 510 590 651 654 678 688 722
91 26 2086 16 44 67 72 80 173 192 226 278 280 281 291 314 342 355 373 383 430 493 510 547 556 654 678 688 722
91 26 2103 16 17 44 47 55 72 80 173 192 226 280 281 314 355 373 383 430 510 547 556 590 654 678 688 702 722
92 15
92 25 2166 9 14 35 40 48 79 80 82 109 211 321 349 372 387 500 532 536 560 576 579 587 620 643 648 650
92 25 2093 14 35 40 48 69 79 80 82 109 178 198 211 275 321 349 372 387 500 532 538 560 579 620 648 650
92 25 2161 4 40 48 69 79 80 82 109 178 198 203 211 275 308 321 326 349 372 387 500 536 538 576 620 643
92 25 2045 4 9 35 40 79 80 82 109 198 211 275 308 321 326 349 372 387 500 536 538 576 587 620 643 648
92 25 2070 4 9 14 35 40 48 79 109 178 198 203 275 321 349 387 500 532 536 538 560 576 579 587 620 650
92 25 2170 4 9 35 40 69 79 80 82 178 198 203 211 275 308 321 326 387 500 532 536 538 560 576 579 648
92 25 2085 9 14 35 48 69 79 80 82 211 275 308 326 349 372 387 500 532 536 560 579 587 620 643 648 650
92 25 2105 4 9 14 35 40 48 69 79 80 109 178 198 203 211 275 321 349 500 532 560 576 579 620 643 648
92 25 2060 4 14 48 69 79 80 82 109 178 198 203 211 308 326 349 372 387 536 538 560 576 587 620 643 648
92 25 2047 4 9 14 40 48 80 82 109 178 198 211 275 308 321 326 372 387 532 538 576 587 620 643 648 650
92 25 2145 4 14 35 40 48 79 80 82 198 203 211 275 308 321 326 349 387 500 532 538 587 620 643 648 650
92 25 2233 4 9 14 40 48 69 79 80 82 109 178 198 203 211 275 308 326 372 387 560 576 579 620 643 648
92 25 2197 4 9 14 35 40 48 69 79 80 82 109 178 203 275 321 326 387 536 538 560 579 587 620 643 650
92 25 2199 4 35 40 48 69 79 80 82 109 178 275 308 321 326 349 372 387 500 538 576 579 620 643 648 650
92 25 2179 4 9 14 35 40 79 80 82 198 203 275 308 321 326 349 372 532 536 538 560 587 620 643 648 650
93 20
93 19 2206 65 92 131 141 176 218 227 235 250 321 332 404 449 482 502 543 653 663 731
93 19 2271 65 92 131 141 227 250 262 277 288 321 332 404 482 502 543 634 663 711 731
93 19 2216 65 92 131 141 176 196 227 235 250 262 321 379 404 449 502 543 634 663 731
93 19 2205 65 92 131 141 176 218 227 250 262 277 288 321 379 404 449 653 663 711 731
93 19 2235 92 131 176 196 227 235 250 262 288 332 379 404 449 502 543 634 663 711 731
93 19 2285 65 92 131 141 176 196 218 227 235 250 262 277 379 404 482 543 634 711 731
93 19 2281 65 131 141 196 218 227 235 262 288 321 332 404 449 502 543 634 653 711 731
93 19 2218 92 131 141 176 196 218 227 250 262 277 321 379 404 449 482 543 653 663 731
93 19 2247 65 92 131 141 176 196 227 235 262 277 288 321 379 404 449 543 653 711 731
93 19 2240 65 131 141 176 196 218 227 235 250 277 288 332 449 482 502 543 634 653 663
93 19 2209 65 131 176 218 227 235 250 277 288 321 379 404 482 502 634 653 663 711 731
93 19 2324 65 131 141 176 196 227 235 262 277 288 321 332 379 404 482 543 634 711 731
93 19 2261 92 131 141 196 218 227 235 277 288 321 332 404 449 482 502 543 653 711 731
93 19 2225 65 92 131 141 176 196 218 235 250 262 277 332 379 404 449 482 502 653 731
93 19 2195 141 196 218 227 235 250 262 277 288 321 332 379 404 449 502 543 634 653 711
93 19 2292 65 131 141 196 227 235 250 262 288 321 332 379 482 502 543 653 663 711 731
93 19 2209 65 92 141 176 196 218 227 250 262 277 288 321 332 379 404 449 653 711 731
93 19 2195 65 131 141 218 235 277 321 332 379 404 449 482 502 543 634 653 663 711 731
93 19 2370 65 92 131 176 218 227 262 277 288 321 379 449 482 502 543 634 653 711 731
93 19 2198 65 92 131 196 218 235 250 288 321 332 379 449 482 543 634 653 663 711 731
94 24
94 7 2325 189 225 286 508 522 652 672
94 7 2319 189 201 225 496 508 522 731
94 7 2415 201 225 496 508 522 652 672
94 7 2261 189 201 286 496 508 672 731
94 7 2287 201 286 496 508 652 672 731
94 7 2376 189 201 225 496 508 652 731
94 7 2347 189 201 225 496 652 672 731
94 7 2334 201 286 496 508 522 652 672
94 7 2285 189 225 496 522 652 672 731
94 7 2247 189 286 496 508 522 652 672
94 7 2343 189 225 496 508 652 672 731
94 7 2247 201 225 286 508 652 672 731
94 7 2313 189 201 225 496 508 672 731
94 7 2287 189 201 286 496 652 672 731
94 7 2250 189 201 225 286 496 508 731
94 7 2368 189 201 225 286 496 652 731
94 7 2261 189 201 286 496 522 652 672
94 7 2292 189 201 225 496 508 522 672
94 7 2271 189 201 225 286 652 672 731
94 7 2298 189 201 286 496 508 522 731
94 7 2271 225 286 496 522 652 672 731
94 7 2419 189 225 496 508 522 652 672
94 7 2359 189 225 286 508 522 672 731
94 7 2364 225 286 496 508 522 652 672
95 19
95 6 2430 89 94 233 368 415 750
95 6 2386 26 94 189 233 368 415
95 6 2367 26 89 189 233 368 750
95 6 2466 26 89 94 233 368 750
95 6 2439 89 94 189 284 368 750
95 6 2343 26 189 233 284 415 750
95 6 2480 89 189 233 284 368 750
95 6 2371 26 189 233 368 415 750
95 6 2405 26 94 189 233 368 750
95 6 2332 89 94 189 233 368 750
95 6 2547 26 189 233 284 368 750
95 6 2480 26 89 94 189 233 750
95 6 2367 26 89 189 368 415 750
95 6 2323 89 94 189 233 284 415
95 6 2394 94 189 284 368 415 750
95 6 2327 89 94 189 233 284 750
95 6 2357 26 94 189 233 284 368
95 6 2574 89 94 233 284 368 750
95 6 2368 26 89 189 284 368 415
96 4
96 3 2500 155 570 609
96 3 2690 415 570 609
96 3 2531 155 415 609
96 3 2516 155 415 570
97 19
97 11 2582 93 106 221 363 421 476 570 613 642 665 727
97 11 2633 93 111 221 289 336 363 421 476 613 665 727
97 11 2571 93 111 221 363 421 476 570 613 642 665 727
97 11 2593 93 106 197 221 363 421 476 570 642 665 727
97 11 2649 106 111 197 221 289 336 363 476 570 642 665
97 11 2588 111 197 221 289 336 363 421 476 570 613 665
97 11 2608 93 197 221 289 336 363 421 476 570 613 727
97 11 2593 93 106 197 221 289 363 476 570 613 665 727
97 11 2648 93 106 197 221 289 363 421 476 570 613 665
97 11 2762 93 106 111 221 289 421 476 570 613 642 727
97 11 2559 106 111 221 289 336 363 421 570 613 642 665
97 11 2701 93 106 111 197 221 289 336 363 421 570 665
97 11 2555 93 197 221 289 336 363 421 476 570 613 642
97 11 2616 93 106 111 197 221 336 476 570 613 642 727
97 11 2617 93 106 221 289 336 363 421 476 570 613 642
97 11 2554 93 111 197 221 289 421 476 570 613 642 727
97 11 2560 106 111 197 221 336 363 421 570 613 642 665
97 11 2597 111 197 289 336 363 421 476 570 613 665 727
97 11 2669 93 111 197 221 289 363 421 570 613 642 665
98 17
98 8 2621 20 406 429 558 563 680 690 727
98 8 2623 406 546 558 563 667 680 690 727
98 8 2697 62 406 429 546 558 667 680 727
98 8 2600 20 62 406 429 546 558 667 680
98 8 2689 20 62 406 429 546 558 563 727
98 8 2702 20 62 406 429 546 563 667 690
98 8 2589 20 406 429 546 558 667 690 727
98 8 2592 20 62 406 429 558 563 680 690
98 8 2643 20 62 429 546 563 667 680 690
98 8 2751 406 429 546 558 563 680 690 727
98 8 2721 406 429 546 558 563 667 690 727
98 8 2667 20 62 406 546 558 667 680 690
98 8 2666 20 406 429 546 558 563 690 727
98 8 2583 20 406 429 546 558 667 680 727
98 8 2660 20 62 429 546 558 563 667 680
98 8 2755 62 406 429 558 563 667 680 690
98 8 2609 20 62 429 558 563 667 690 727
99 17
99 9 2728 97 307 366 566 635 637 638 715 735
99 9 2610 97 307 365 558 637 638 715 716 735
99 9 2667 97 365 366 558 635 637 638 715 735
99 9 2685 97 365 558 635 637 638 715 716 735
99 9 2664 97 307 365 558 566 635 715 716 735
99 9 2694 97 366 558 566 635 638 715 716 735
99 9 2616 97 366 566 635 637 638 715 716 735
99 9 2667 307 365 366 558 566 637 715 716 735
99 9 2627 307 365 366 558 566 637 638 716 735
99 9 2751 97 307 365 558 566 637 638 716 735
99 9 2644 97 307 365 366 637 638 715 716 735
99 9 2635 97 307 365 366 558 635 637 638 716
99 9 2631 307 365 558 566 637 638 715 716 735
99 9 2656 307 365 366 558 566 637 638 715 735
99 9 2627 97 307 365 366 558 566 635 716 735
99 9 2631 307 365 558 566 635 637 638 716 735
99 9 2659 97 307 366 558 635 637 638 716 735
100 18
100 12 2941 28 124 137 194 247 304 362 365 477 561 565 696
100 12 3002 28 124 137 194 247 293 365 425 470 561 600 696
100 12 3014 137 247 304 362 365 425 470 477 561 565 600 696
100 12 3020 28 124 137 194 293 304 362 425 477 561 565 600
100 12 2958 124 137 194 293 362 365 425 470 477 561 600 696
100 12 3031 124 137 194 247 293 304 362 365 425 561 565 696
100 12 3004 28 124 194 293 304 362 365 470 477 561 600 696
100 12 2969 124 137 194 247 293 362 425 470 477 565 600 696
100 12 2882 28 124 137 194 247 304 365 425 561 565 600 696
100 12 2916 124 194 247 293 362 365 470 477 561 565 600 696
100 12 2905 28 194 247 293 304 362 425 477 561 565 600 696
100 12 2922 28 124 137 194 247 362 365 425 477 561 600 696
100 12 2983 28 137 247 304 362 425 470 477 561 565 600 696
100 12 2870 124 137 247 293 304 362 425 470 477 561 565 696
100 12 2921 28 137 194 247 304 362 365 425 470 561 600 696
100 12 2984 28 124 137 194 247 304 362 365 425 470 565 696
100 12 2917 28 124 247 293 304 362 365 425 470 561 565 696
100 12 2910 28 137 194 247 362 365 470 477 561 565 600 696
