1
60
20
9
1 3
1 15 2144 11 14 15 18 19 24 25 27 29 36 37 43 48 50 60
1 15 1354 11 14 15 18 20 24 25 27 29 36 37 43 50 57 60
1 15 22911 14 15 16 18 19 20 24 25 29 36 37 43 48 50 57
2 0
3 1
3 41 4032 3 5 6 7 8 9 10 13 14 15 17 19 20 22 23 24 25 26 27 29 30 31 33 34 36 37 38 40 41 42 43 45 46 47 48 50 51 53 54 58 60
4 3
4 36 6703 4 5 7 8 10 12 13 14 16 19 20 23 24 25 26 27 28 30 31 33 34 41 42 45 46 48 49 50 51 52 53 54 55 56 58 60
4 36 6312 4 5 7 9 10 12 13 14 16 17 18 19 22 23 24 25 26 28 29 30 31 38 41 42 45 46 47 48 49 50 51 53 54 56 59 60
4 36 7442 5 7 8 10 12 13 14 15 16 17 18 19 20 22 23 24 25 27 28 30 31 33 34 38 40 45 46 48 49 50 51 54 55 56 58 59
5 2
5 34 7602 4 5 6 7 8 10 12 15 16 18 22 23 24 25 29 30 31 32 34 36 38 39 40 43 47 48 49 50 54 56 57 58 59 60
5 34 7462 4 5 6 7 10 13 15 18 19 21 23 24 29 30 31 32 33 34 36 37 38 39 40 43 45 47 48 49 50 55 56 57 59 60
6 1
6 25 8882 4 6 8 9 11 12 17 18 19 20 28 30 31 34 35 36 39 40 43 44 46 49 51 56 59
7 2
7 43 8192 3 4 6 7 8 9 10 12 14 15 16 17 18 20 22 23 24 26 27 28 29 30 31 33 34 37 39 40 41 43 44 45 46 47 48 49 51 54 55 57 58 59 60
7 43 8872 3 4 5 6 8 11 12 13 14 15 18 19 22 23 24 25 26 27 29 30 31 32 34 35 36 37 39 40 41 42 43 44 46 47 48 49 50 51 53 56 57 58 59
8 3
8 36 16033 4 5 6 8 9 13 14 15 16 18 22 23 24 25 26 27 28 29 32 34 35 36 38 41 45 47 48 49 50 51 53 55 56 57 58 59
8 36 16242 4 10 11 12 13 14 15 16 18 19 23 24 25 26 27 28 31 32 33 34 35 41 42 43 45 46 47 48 49 50 51 53 54 55 58 60
8 36 16322 3 5 6 8 9 10 11 12 13 14 15 16 18 19 22 25 26 27 28 31 34 36 41 42 45 46 47 48 49 50 51 55 56 57 58 59
9 5
9 23 22334 5 7 8 10 11 12 13 14 15 19 20 21 23 24 27 35 41 42 45 46 48 50 53
9 23 23244 5 7 8 10 11 13 14 17 18 20 22 23 26 27 35 41 42 45 46 48 50 55 58
9 23 22325 7 11 12 13 14 15 17 18 19 20 21 22 23 26 27 35 41 46 48 50 53 55 58
9 23 23184 5 7 8 11 12 14 15 17 18 21 22 23 26 27 28 41 42 45 46 48 53 55 58
9 23 22804 5 7 10 11 12 13 14 21 22 23 24 26 27 28 35 41 45 46 48 50 53 55 58
