1
60
19
9
1 3
1 6 196 14 21 32 34 43 49
1 6 142 9 21 32 34 43 53
1 6 139 9 14 32 34 43 49
2 2
2 9 242 12 25 28 35 40 44 53 54 60
2 9 182 12 28 35 40 44 45 53 54 55
3 1
3 3 680 7 12 36
4 2
4 4 750 23 24 37 51
4 4 787 13 24 37 51
5 1
5 1 851 2
6 5
6 4 831 6 33 37 42
6 4 898 6 8 33 37
6 4 889 6 8 37 42
6 4 911 6 8 33 42
6 4 937 8 33 37 42
7 0
8 3
8 4 1149 11 19 29 46
8 4 1097 19 26 29 46
8 4 1174 11 19 26 29
9 2
9 14 2311 2 4 5 10 15 16 20 22 29 30 39 47 50 57
9 14 2186 2 3 4 5 10 15 16 20 30 39 47 57 58 59
