2
450
616
200
1 3
1 5 137 55 58 137 221 358
1 5 20 55 58 137 221 291
1 5 3 55 137 291 354 358
2 2
2 2 167 342 346
2 2 219 342 358
3 7
3 17 135 54 64 146 147 174 177 191 246 256 304 322 346 350 416 426 434 444
3 17 15 18 39 54 64 146 147 174 191 210 256 304 346 350 416 426 434 444
3 17 88 18 22 39 41 54 146 147 174 177 256 322 346 350 378 416 434 444
3 17 217 18 22 39 41 54 147 177 210 246 256 304 346 350 416 426 434 444
3 17 59 18 22 39 41 54 146 177 246 256 304 322 346 350 378 416 426 434
3 17 78 18 39 41 54 64 147 174 191 210 246 256 304 322 346 378 426 434
3 17 140 22 41 54 64 146 147 177 191 210 256 304 322 346 378 416 426 444
4 2
4 2 64 20 40
4 2 80 18 40
5 2
5 1 85 94
5 1 50 40
6 3
6 2 106 237 398
6 2 121 94 398
6 2 47 94 237
7 2
7 2 271 219 237
7 2 190 155 237
8 3
8 2 104 36 331
8 2 262 155 331
8 2 292 36 155
9 2
9 1 70 331
9 1 147 418
10 2
10 1 108 437
10 1 101 418
11 3
11 1 82 403
11 1 73 356
11 1 230 235
12 3
12 2 101 154 437
12 2 219 116 437
12 2 115 116 154
13 2
13 1 91 186
13 1 78 116
14 2
14 2 196 127 186
14 2 96 44 127
15 5
15 1 121 65
15 1 107 15
15 1 188 51
15 1 267 100
15 1 217 117
16 4
16 11 163 49 95 127 166 194 208 235 266 277 386 443
16 11 256 27 49 57 95 166 194 266 277 281 386 443
16 11 192 27 49 66 95 127 194 208 235 266 281 443
16 11 194 27 57 66 95 194 208 235 266 281 386 443
17 2
17 1 130 158
17 1 138 208
18 2
18 2 260 158 334
18 2 138 35 334
19 2
19 2 108 334 413
19 2 127 275 334
20 2
20 2 125 413 445
20 2 199 217 413
21 1
21 3 167 67 203 415
22 3
22 3 212 339 348 415
22 3 120 348 409 415
22 3 126 339 348 409
23 2
23 2 178 312 339
23 2 293 128 339
24 2
24 2 137 128 139
24 2 225 80 139
25 10
25 1 193 44
25 1 229 35
25 1 215 131
25 1 133 43
25 1 148 98
25 1 164 104
25 1 272 54
25 1 270 122
25 1 172 61
25 1 134 105
26 2
26 4 200 1 70 254 375
26 4 198 1 70 82 375
27 2
27 1 252 1
27 1 179 56
28 3
28 2 224 56 264
28 2 231 56 136
28 2 337 136 264
29 1
29 1 275 336
30 2
30 1 250 213
30 1 199 336
31 7
31 1 283 194
31 1 337 15
31 1 260 172
31 1 336 176
31 1 204 5
31 1 308 97
31 1 311 163
32 9
32 1 279 136
32 1 368 115
32 1 257 16
32 1 221 113
32 1 317 165
32 1 219 133
32 1 345 149
32 1 259 61
32 1 343 197
33 5
33 8 371 50 52 96 145 200 213 227 430
33 8 290 50 52 96 145 306 335 403 430
33 8 389 50 52 96 200 227 306 403 430
33 8 449 52 96 145 200 213 227 306 335
33 8 448 50 145 200 227 306 335 403 430
34 2
34 1 357 403
34 1 284 362
35 2
35 1 339 362
35 1 318 77
36 2
36 2 344 77 117
36 2 402 77 199
37 2
37 1 284 199
37 1 320 432
38 2
38 2 306 157 205
38 2 389 205 432
39 2
39 1 347 205
39 1 430 255
40 2
40 1 289 424
40 1 344 255
41 3
41 1 318 385
41 1 299 32
41 1 277 224
42 3
42 1 286 304
42 1 485 328
42 1 399 353
43 3
43 3 388 92 160 364
43 3 515 160 364 424
43 3 291 92 364 424
44 2
44 1 325 283
44 1 327 160
45 3
45 2 386 189 283
45 2 300 189 197
45 2 530 197 283
46 9
46 1 445 108
46 1 367 62
46 1 416 102
46 1 393 55
46 1 341 149
46 1 444 38
46 1 421 35
46 1 301 10
46 1 354 99
47 3
47 3 375 125 201 404
47 3 394 125 197 435
47 3 387 201 404 435
48 3
48 1 371 284
48 1 415 286
48 1 330 310
49 6
49 3 403 2 352 384
49 3 389 352 384 404
49 3 346 2 143 384
49 3 394 143 384 404
49 3 506 2 143 404
49 3 532 143 352 404
50 2
50 2 322 198 376
50 2 399 2 376
51 9
51 1 398 210
51 1 464 21
51 1 544 167
51 1 352 241
51 1 345 110
51 1 335 301
51 1 560 23
51 1 409 118
51 1 431 47
52 2
52 1 357 376
52 1 383 11
53 1
53 1 403 11
54 1
54 1 454 21
55 3
55 2 519 21 372
55 2 601 222 372
55 2 403 21 222
56 3
56 1 413 28
56 1 429 50
56 1 431 100
57 6
57 6 401 184 209 302 328 372 411
57 6 370 170 184 302 328 372 411
57 6 430 170 209 270 302 328 411
57 6 573 184 209 270 328 372 411
57 6 393 170 270 302 328 372 411
57 6 449 170 184 209 270 302 328
58 2
58 1 420 394
58 1 482 170
59 1
59 1 448 15
60 4
60 4 438 75 351 440 441
60 4 401 15 298 351 440
60 4 399 15 75 351 441
60 4 546 298 351 440 441
61 2
61 1 525 351
61 1 616 104
62 6
62 6 462 89 101 104 178 288 320
62 6 400 89 101 178 288 320 439
62 6 406 43 89 101 104 178 320
62 6 430 43 101 104 178 288 439
62 6 457 43 89 104 178 288 320
62 6 572 89 101 104 178 288 439
63 3
63 3 489 43 69 324
63 3 417 43 159 324
63 3 506 69 159 324
64 0
65 3
65 3 424 48 111 392
65 3 511 48 111 319
65 3 449 48 232 319
66 3
66 3 455 68 392 422
66 3 446 68 337 422
66 3 417 337 392 422
67 2
67 2 511 68 401
67 2 429 68 390
68 2
68 1 491 233
68 1 499 390
69 3
69 2 580 123 368
69 2 466 233 368
69 2 428 123 233
70 9
70 1 434 133
70 1 447 201
70 1 579 110
70 1 550 26
70 1 511 266
70 1 547 250
70 1 462 96
70 1 470 73
70 1 467 20
71 5
71 3 536 10 285 368
71 3 622 10 243 374
71 3 504 10 243 285
71 3 437 243 285 368
71 3 501 10 243 368
72 3
72 2 515 167 374
72 2 575 374 408
72 2 576 167 408
73 4
73 6 498 4 14 45 180 379 380
73 6 484 4 14 45 314 380 408
73 6 527 4 45 180 379 380 408
73 6 474 4 45 314 379 380 408
74 4
74 1 484 4
74 1 579 3
74 1 472 2
74 1 496 1
75 1
75 1 575 124
76 2
76 3 549 74 124 323
76 3 487 74 169 267
77 2
77 2 516 357 359
77 2 560 74 357
78 3
78 2 535 19 357
78 2 528 19 46
78 2 514 46 357
79 5
79 3 540 168 262 332
79 3 513 19 168 450
79 3 628 168 332 450
79 3 570 262 332 450
79 3 593 168 262 450
80 3
80 2 518 261 332
80 2 693 214 332
80 2 477 214 261
81 2
81 1 539 114
81 1 525 85
82 2
82 1 509 214
82 1 550 300
83 2
83 1 634 300
83 1 634 71
84 2
84 1 595 71
84 1 577 132
85 2
85 1 537 252
85 1 660 132
86 4
86 1 501 243
86 1 557 111
86 1 514 203
86 1 545 42
87 4
87 3 503 42 252 263
87 3 597 42 140 263
87 3 554 140 252 263
87 3 517 42 140 252
88 3
88 2 508 42 183
88 2 625 42 229
88 2 641 183 229
89 2
89 1 546 347
89 1 640 229
90 2
90 1 574 347
90 1 599 265
91 5
91 1 585 149
91 1 588 65
91 1 556 3
91 1 662 25
91 1 738 194
92 4
92 1 626 213
92 1 613 214
92 1 556 163
92 1 566 17
93 2
93 1 564 265
93 1 742 231
94 3
94 3 618 162 181 231
94 3 571 98 162 231
94 3 562 98 162 181
95 2
95 1 799 162
95 1 557 34
96 2
96 1 641 34
96 1 591 385
97 2
97 3 725 109 305 385
97 3 644 109 307 385
98 4
98 3 614 244 305 423
98 3 595 7 305 423
98 3 597 7 244 305
98 3 663 7 244 423
99 4
99 4 586 23 226 290 402
99 4 728 7 23 122 290
99 4 619 23 122 226 402
99 4 881 7 226 290 402
100 1
100 1 656 279
101 5
101 8 609 25 141 173 245 250 311 421 429
101 8 694 25 130 173 242 250 279 311 429
101 8 631 25 130 242 245 250 279 311 421
101 8 597 25 130 141 173 242 250 279 311
101 8 658 25 141 173 242 250 279 311 429
102 2
102 1 745 86
102 1 658 95
103 5
103 1 693 176
103 1 601 101
103 1 674 165
103 1 796 248
103 1 612 74
104 3
104 2 679 391 419
104 2 674 311 391
104 2 603 311 419
105 2
105 1 610 72
105 1 642 419
106 5
106 1 645 55
106 1 666 13
106 1 733 71
106 1 669 43
106 1 737 3
107 3
107 2 650 72 251
107 2 740 72 234
107 2 736 234 251
108 2
108 2 803 24 414
108 2 654 24 234
109 3
109 3 672 38 113 152
109 3 721 24 113 152
109 3 731 24 38 113
110 2
110 1 666 38
110 1 766 106
111 6
111 1 763 49
111 1 655 64
111 1 679 68
111 1 733 79
111 1 643 106
111 1 754 91
112 8
112 4 839 47 106 211 363
112 4 689 106 172 211 363
112 4 793 47 86 172 211
112 4 851 47 172 211 363
112 4 670 47 86 106 211
112 4 655 47 106 172 211
112 4 728 47 106 172 363
112 4 732 86 106 172 211
113 3
113 3 653 86 164 175
113 3 678 151 164 365
113 3 676 86 151 175
114 3
114 2 655 175 258
114 2 745 225 258
114 2 766 175 225
115 4
115 3 688 108 258 397
115 3 733 85 108 397
115 3 726 85 108 326
115 3 746 258 326 397
116 2
116 1 823 286
116 1 791 108
117 1
117 1 695 64
118 3
118 3 744 153 333 407
118 3 734 286 333 407
118 3 744 153 286 407
119 4
119 3 785 112 329 333
119 3 788 308 329 333
119 3 818 126 308 329
119 3 842 112 308 333
120 3
120 1 906 89
120 1 759 66
120 1 742 100
121 3
121 3 844 17 182 276
121 3 831 17 126 182
121 3 828 126 182 276
122 3
122 3 739 17 32 343
122 3 769 17 325 343
122 3 771 32 325 343
123 3
123 2 754 32 340
123 2 748 32 204
123 2 851 204 340
124 3
124 2 882 295 340
124 2 794 83 295
124 2 805 83 340
125 3
125 2 823 26 83
125 2 849 83 171
125 2 893 26 171
126 5
126 1 781 9
126 1 863 12
126 1 841 11
126 1 856 2
126 1 902 26
127 1
127 1 829 176
128 2
128 1 996 355
128 1 925 176
129 3
129 2 817 33 330
129 2 917 33 355
129 2 913 330 355
130 2
130 1 1011 448
130 1 996 33
131 2
131 1 921 448
131 1 850 318
132 3
132 3 845 29 215 318
132 3 846 215 259 341
132 3 893 29 215 341
133 6
133 6 995 9 105 114 341 369 399
133 6 859 9 105 114 161 202 369
133 6 877 105 114 161 202 341 399
133 6 965 9 114 161 202 341 399
133 6 862 9 105 114 161 341 399
133 6 896 9 114 161 202 341 369
134 2
134 1 886 369
134 1 877 59
135 6
135 1 945 39
135 1 929 44
135 1 958 22
135 1 926 37
135 1 875 2
135 1 910 12
136 1
136 2 892 59 61
137 2
137 1 892 61
137 1 939 433
138 3
138 3 1129 110 257 433
138 3 889 12 110 257
138 3 1056 12 110 433
139 3
139 3 1076 257 353 412
139 3 941 53 353 412
139 3 1060 53 257 412
140 5
140 3 1015 294 353 370
140 3 967 224 294 370
140 3 1003 218 224 294
140 3 996 224 353 370
140 3 954 218 224 370
141 7
141 7 993 103 107 187 289 294 301 356
141 7 934 103 107 289 301 356 396 400
141 7 1008 103 187 241 294 301 356 396
141 7 1126 103 187 241 289 301 356 400
141 7 955 107 187 241 294 301 356 396
141 7 989 103 107 187 294 301 356 400
141 7 1126 103 107 241 294 301 356 396
142 2
142 1 1134 396
142 1 1113 118
143 6
143 1 1102 57
143 1 1051 14
143 1 1113 19
143 1 1072 109
143 1 1071 51
143 1 1157 23
144 1
144 1 1171 118
145 7
145 6 1085 115 135 138 238 271 382
145 6 1113 30 115 135 138 271 382
145 6 1203 30 87 115 135 138 382
145 6 1129 30 87 135 238 271 382
145 6 1112 30 87 115 135 238 271
145 6 1143 87 115 138 238 271 382
145 6 1075 30 135 138 238 271 382
146 2
146 1 1193 336
146 1 1296 49
147 2
147 3 1146 62 185 249
147 3 1230 185 249 382
148 3
148 2 1289 119 249
148 2 1224 249 393
148 2 1254 119 393
149 3
149 2 1216 134 420
149 2 1142 393 420
149 2 1193 134 393
150 2
150 1 1170 73
150 1 1293 420
151 2
151 1 1296 190
151 1 1264 73
152 2
152 3 1176 93 236 239
152 3 1212 236 239 260
153 2
153 1 1185 11
153 1 1213 61
154 2
154 3 1281 148 212 338
154 3 1237 93 148 156
155 2
155 2 1272 148 179
155 2 1247 148 272
156 3
156 2 1259 65 216
156 2 1195 179 216
156 2 1376 65 179
157 4
157 3 1294 149 216 284
157 3 1231 149 299 344
157 3 1370 149 284 344
157 3 1252 216 299 344
158 2
158 1 1291 30
158 1 1303 90
159 2
159 1 1287 102
159 1 1245 299
160 2
160 2 1296 79 360
160 2 1586 79 102
161 2
161 3 1376 90 165 360
161 3 1412 51 90 360
162 2
162 1 1484 196
162 1 1459 165
163 3
163 3 1404 97 196 293
163 3 1460 97 163 230
163 3 1528 163 230 293
164 6
164 1 1435 280
164 1 1706 69
164 1 1424 14
164 1 1459 248
164 1 1538 2
164 1 1424 128
165 2
165 1 1451 278
165 1 1609 293
166 6
166 1 1465 201
166 1 1501 236
166 1 1512 260
166 1 1540 268
166 1 1606 185
166 1 1445 184
167 2
167 1 1552 278
167 1 1508 297
168 3
168 3 1586 193 292 297
168 3 1513 3 297 373
168 3 1620 193 297 373
169 3
169 1 1614 3
169 1 1495 2
169 1 1687 1
170 2
170 1 1646 2
170 1 1591 1
171 1
171 1 1578 3
172 2
172 1 1579 449
172 1 1541 247
173 3
173 2 1638 84 449
173 2 1549 28 84
173 2 1597 28 449
174 1
174 2 1545 84 99
175 2
175 1 1549 223
175 1 1629 192
176 3
176 2 1586 144 223
176 2 1576 144 428
176 2 1559 223 428
177 2
177 1 1682 228
177 1 1608 428
178 5
178 3 1732 228 366 410
178 3 1660 150 228 410
178 3 1777 13 228 410
178 3 1641 13 366 410
178 3 1647 13 150 366
179 7
179 4 1708 195 268 280 367
179 4 1661 195 268 280 438
179 4 1649 13 268 280 367
179 4 1660 13 195 280 367
179 4 1695 13 195 268 280
179 4 1766 13 195 268 367
179 4 1695 195 268 367 438
180 2
180 1 1846 206
180 1 1684 438
181 0
182 2
182 1 1707 389
182 1 1755 287
183 2
183 1 1718 63
183 1 1847 389
184 5
184 1 1765 48
184 1 1734 29
184 1 1842 11
184 1 1874 21
184 1 1755 27
185 6
185 12 1872 16 63 81 100 248 253 316 345 361 381 387 431
185 12 1895 16 63 100 133 248 303 316 345 361 381 431 446
185 12 1859 63 81 100 133 248 253 316 361 381 387 431 446
185 12 1785 63 81 133 248 253 303 316 361 381 425 431 446
185 12 1859 16 81 100 133 248 303 345 361 381 387 425 446
185 12 1895 81 100 133 248 253 316 345 361 381 425 431 446
186 4
186 3 1848 131 406 436
186 3 1855 406 436 446
186 3 2000 131 406 446
186 3 1959 131 436 446
187 2
187 1 1923 406
187 1 1773 349
188 2
188 1 1900 120
188 1 1885 349
189 6
189 5 1882 31 120 129 142 447
189 5 1879 31 129 142 240 447
189 5 1921 31 120 240 317 447
189 5 1894 120 129 142 240 447
189 5 1858 120 142 240 317 447
189 5 1871 31 120 129 240 317
190 3
190 2 2052 142 371
190 2 2066 142 273
190 2 1911 273 371
191 2
191 1 2000 371
191 1 1940 321
192 1
192 1 1977 37
193 6
193 3 2245 37 76 388
193 3 2132 37 76 377
193 3 2076 37 296 388
193 3 2081 37 296 377
193 3 2092 76 296 377
193 3 2100 76 296 388
194 2
194 1 2097 296
194 1 2128 78
195 5
195 4 2296 78 315 417 442
195 4 2329 78 310 315 417
195 4 2291 269 310 315 417
195 4 2294 78 269 315 442
195 4 2276 78 269 310 417
196 4
196 3 2399 88 91 313
196 3 2375 88 91 310
196 3 2509 88 309 310
196 3 2476 91 310 313
197 2
197 2 2510 327 395
197 2 2523 309 327
198 3
198 2 2655 207 220
198 2 2565 220 327
198 2 2619 207 327
199 1
199 1 3263 140
200 5
200 6 3279 8 121 207 282 383 427
200 6 3330 5 8 121 207 405 427
200 6 3444 121 188 207 282 383 405
200 6 3242 5 188 207 282 383 427
200 6 3324 8 188 207 383 405 427
