1
200
466
250
1 4
1 1 73 14
1 1 150 26
1 1 188 53
1 1 192 56
2 1
2 1 175 97
3 2
3 3 49 97 118 137
3 3 79 115 118 137
4 1
4 1 48 115
5 1
5 1 64 59
6 1
6 1 76 121
7 2
7 1 109 157
7 1 100 147
8 2
8 1 43 97
8 1 201 154
9 3
9 1 207 162
9 1 87 35
9 1 45 173
10 2
10 2 116 11 174
10 2 187 82 174
11 3
11 1 263 49
11 1 160 50
11 1 290 15
12 1
12 1 199 82
13 3
13 1 122 6
13 1 151 3
13 1 81 1
14 2
14 1 188 3
14 1 77 6
15 2
15 2 194 6 152
15 2 144 6 194
16 2
16 1 172 95
16 1 83 34
17 2
17 3 202 110 193 197
17 3 75 110 194 197
18 1
18 2 134 75 162
19 1
19 1 271 75
20 1
20 1 169 7
21 2
21 1 224 7
21 1 149 27
22 4
22 1 124 27
22 1 142 4
22 1 119 22
22 1 112 12
23 5
23 1 215 4
23 1 323 5
23 1 257 19
23 1 270 25
23 1 156 8
24 1
24 1 109 26
25 4
25 1 157 12
25 1 168 10
25 1 130 19
25 1 182 23
26 1
26 1 136 146
27 2
27 1 204 77
27 1 298 67
28 1
28 2 155 123 146
29 1
29 2 213 76 102
30 3
30 1 308 69
30 1 393 67
30 1 314 29
31 1
31 1 244 29
32 2
32 1 213 8
32 1 342 76
33 2
33 1 209 36
33 1 279 8
34 3
34 2 206 36 129
34 2 222 36 131
34 2 281 129 131
35 1
35 1 299 92
36 0
37 1
37 1 506 181
38 0
39 2
39 1 443 181
39 1 288 27
40 2
40 1 265 17
40 1 291 10
41 2
41 1 233 27
41 1 277 2
42 2
42 1 208 1
42 1 282 2
43 2
43 1 321 2
43 1 221 130
44 1
44 1 322 16
45 1
45 2 343 57 191
46 4
46 1 485 34
46 1 229 16
46 1 347 41
46 1 275 6
47 0
48 2
48 2 250 17 147
48 2 302 57 147
49 3
49 2 232 106 136
49 2 367 106 147
49 2 489 136 147
50 3
50 1 339 112
50 1 296 45
50 1 297 78
51 2
51 1 239 98
51 1 306 136
52 2
52 1 411 84
52 1 339 58
53 4
53 1 301 33
53 1 306 15
53 1 280 79
53 1 339 38
54 0
55 2
55 1 390 98
55 1 397 15
56 2
56 1 404 15
56 1 323 2
57 2
57 2 353 15 52
57 2 362 15 74
58 2
58 1 311 113
58 1 325 74
59 0
60 4
60 1 351 25
60 1 487 12
60 1 439 52
60 1 372 36
61 1
61 1 372 113
62 4
62 1 310 136
62 1 381 8
62 1 316 70
62 1 487 68
63 2
63 1 414 56
63 1 381 189
64 1
64 1 333 17
65 2
65 1 444 56
65 1 441 112
66 1
66 1 475 109
67 3
67 3 357 109 156 200
67 3 413 18 109 156
67 3 371 18 109 200
68 4
68 1 522 26
68 1 394 147
68 1 384 88
68 1 414 63
69 1
69 1 378 141
70 0
71 2
71 1 517 157
71 1 400 55
72 2
72 1 612 184
72 1 434 157
73 1
73 1 411 184
74 1
74 2 427 103 104
75 3
75 1 413 22
75 1 404 23
75 1 452 44
76 1
76 1 471 102
77 0
78 1
78 3 449 41 78 103
79 3
79 1 504 9
79 1 453 21
79 1 490 6
80 2
80 2 471 69 90
80 2 513 25 69
81 1
81 1 439 90
82 1
82 1 445 72
83 2
83 1 492 87
83 1 510 133
84 1
84 3 466 73 87 154
85 1
85 1 531 17
86 0
87 5
87 1 480 143
87 1 519 27
87 1 492 53
87 1 574 83
87 1 464 1
88 2
88 1 499 103
88 1 660 93
89 2
89 1 558 164
89 1 468 24
90 2
90 1 521 32
90 1 584 24
91 3
91 1 501 8
91 1 540 10
91 1 697 19
92 3
92 1 578 4
92 1 513 14
92 1 581 28
93 0
94 2
94 1 489 179
94 1 488 190
95 1
95 1 496 99
96 2
96 3 551 7 92 155
96 3 681 92 95 99
97 1
97 1 527 106
98 0
99 1
99 1 638 31
100 1
100 1 522 14
101 2
101 3 562 28 31 139
101 3 509 28 31 132
102 3
102 3 529 28 53 199
102 3 718 53 175 199
102 3 738 28 39 53
103 2
103 1 606 142
103 1 537 157
104 2
104 1 787 175
104 1 667 50
105 2
105 1 594 48
105 1 650 50
106 2
106 1 657 48
106 1 692 58
107 3
107 1 608 27
107 1 829 34
107 1 602 17
108 2
108 1 585 38
108 1 644 14
109 1
109 1 670 58
110 3
110 1 710 12
110 1 656 3
110 1 743 1
111 2
111 1 622 166
111 1 679 12
112 1
112 1 682 166
113 2
113 1 619 34
113 1 667 61
114 1
114 1 840 28
115 2
115 1 644 71
115 1 633 34
116 5
116 1 651 57
116 1 684 45
116 1 846 19
116 1 771 71
116 1 660 38
117 2
117 1 676 21
117 1 706 71
118 2
118 1 727 5
118 1 782 16
119 3
119 1 770 14
119 1 735 1
119 1 742 4
120 1
120 1 742 114
121 2
121 1 823 114
121 1 788 107
122 1
122 1 754 135
123 3
123 1 781 84
123 1 858 62
123 1 717 44
124 3
124 1 743 83
124 1 762 112
124 1 801 8
125 1
125 1 854 160
126 3
126 1 796 121
126 1 757 55
126 1 892 65
127 2
127 1 738 149
127 1 779 139
128 2
128 1 740 160
128 1 843 23
129 2
129 1 800 21
129 1 808 8
130 3
130 1 735 11
130 1 870 8
130 1 877 5
131 0
132 2
132 1 821 79
132 1 839 23
133 1
133 1 813 79
134 5
134 1 774 32
134 1 895 33
134 1 933 2
134 1 752 34
134 1 827 54
135 1
135 1 794 45
136 2
136 1 817 45
136 1 929 125
137 1
137 1 876 45
138 5
138 1 864 61
138 1 1024 103
138 1 841 102
138 1 838 56
138 1 918 24
139 1
139 1 907 125
140 0
141 1
141 1 882 185
142 2
142 1 905 90
142 1 869 3
143 2
143 1 862 195
143 1 879 177
144 2
144 1 1067 16
144 1 830 177
145 1
145 1 887 4
146 2
146 1 896 14
146 1 881 10
147 2
147 1 1029 6
147 1 883 16
148 2
148 1 897 13
148 1 1012 1
149 6
149 1 982 3
149 1 943 12
149 1 883 11
149 1 877 2
149 1 899 1
149 1 1040 9
150 2
150 1 906 16
150 1 979 140
151 1
151 2 920 96 140
152 1
152 1 920 67
153 2
153 3 1022 9 67 176
153 3 929 9 67 126
154 2
154 1 1166 9
154 1 1004 51
155 1
155 1 896 28
156 2
156 2 1248 51 122
156 2 888 51 84
157 1
157 2 1074 40 84
158 2
158 1 909 10
158 1 908 168
159 1
159 3 948 5 70 168
160 2
160 1 1015 111
160 1 1020 5
161 2
161 2 1001 42 111
161 2 931 29 111
162 1
162 3 1146 29 64 142
163 1
163 1 984 145
164 2
164 1 1122 180
164 1 1066 145
165 1
165 1 1019 44
166 1
166 1 1049 77
167 0
168 1
168 1 1154 77
169 1
169 1 1104 120
170 4
170 1 1110 78
170 1 1076 48
170 1 1120 106
170 1 1161 33
171 2
171 1 1139 35
171 1 1067 84
172 2
172 1 1253 120
172 1 1110 37
173 0
174 2
174 1 1094 64
174 1 1142 19
175 2
175 1 1097 71
175 1 1107 13
176 1
176 1 1221 86
177 1
177 1 1122 62
178 4
178 1 1325 24
178 1 1106 99
178 1 1216 27
178 1 1153 15
179 2
179 1 1134 161
179 1 1220 127
180 3
180 1 1151 94
180 1 1182 114
180 1 1188 157
181 1
181 1 1231 161
182 1
182 2 1202 22 60
183 2
183 1 1170 141
183 1 1213 1
184 2
184 1 1171 150
184 1 1165 141
185 1
185 1 1220 150
186 2
186 1 1300 13
186 1 1201 39
187 1
187 1 1216 38
188 3
188 3 1199 20 38 100
188 3 1176 20 100 198
188 3 1338 38 100 198
189 2
189 3 1254 4 20 46
189 3 1224 4 20 88
190 4
190 1 1375 26
190 1 1334 40
190 1 1190 16
190 1 1231 36
191 3
191 1 1218 19
191 1 1276 2
191 1 1217 3
192 3
192 1 1261 9
192 1 1223 27
192 1 1223 22
193 2
193 3 1372 46 47 62
193 3 1282 47 62 196
194 3
194 1 1337 36
194 1 1417 56
194 1 1237 46
195 2
195 1 1270 11
195 1 1369 25
196 1
196 1 1229 62
197 1
197 1 1281 109
198 7
198 1 1287 43
198 1 1261 60
198 1 1360 25
198 1 1351 55
198 1 1322 5
198 1 1368 7
198 1 1355 119
199 2
199 2 1372 89 149
199 2 1302 35 149
200 2
200 1 1367 89
200 1 1283 159
201 1
201 1 1311 159
202 0
203 3
203 1 1473 39
203 1 1348 60
203 1 1335 17
204 2
204 3 1304 66 170 186
204 3 1307 66 186 188
205 1
205 2 1366 105 186
206 1
206 1 1446 105
207 2
207 2 1404 3 128
207 2 1398 128 158
208 2
208 1 1496 42
208 1 1400 89
209 1
209 1 1524 33
210 5
210 1 1470 34
210 1 1389 104
210 1 1426 118
210 1 1393 99
210 1 1534 80
211 4
211 1 1466 32
211 1 1413 79
211 1 1408 44
211 1 1443 36
212 5
212 1 1475 109
212 1 1564 77
212 1 1523 32
212 1 1478 73
212 1 1443 59
213 1
213 1 1519 128
214 4
214 1 1485 45
214 1 1580 100
214 1 1563 50
214 1 1509 112
215 0
216 0
217 1
217 1 1539 68
218 1
218 1 1584 27
219 0
220 2
220 3 1619 59 138 187
220 3 1614 59 138 163
221 0
222 2
222 1 1649 21
222 1 1607 54
223 3
223 1 1618 110
223 1 1719 102
223 1 1850 18
224 1
224 1 1882 89
225 0
226 2
226 1 1941 152
226 1 1709 99
227 5
227 3 1754 14 65 117
227 3 1694 65 173 178
227 3 1753 65 117 178
227 3 1779 14 65 173
227 3 1809 65 117 173
228 1
228 1 1833 183
229 2
229 1 1729 19
229 1 1775 16
230 0
231 0
232 2
232 1 1919 69
232 1 2071 15
233 0
234 2
234 1 1894 96
234 1 1975 131
235 1
235 1 2082 94
236 2
236 1 2014 94
236 1 2026 63
237 2
237 1 2104 63
237 1 2075 19
238 3
238 1 2142 11
238 1 2229 3
238 1 2047 16
239 2
239 1 2225 19
239 1 2117 3
240 2
240 1 2216 19
240 1 2297 91
241 2
241 1 2256 91
241 1 2383 171
242 2
242 1 2284 85
242 1 2348 171
243 4
243 1 2342 74
243 1 2318 81
243 1 2599 65
243 1 2375 27
244 3
244 1 2377 50
244 1 2409 85
244 1 2427 11
245 1
245 1 2452 55
246 1
246 1 2507 85
247 2
247 1 2588 16
247 1 2521 12
248 0
249 1
249 1 2700 167
250 3
250 1 2871 48
250 1 2961 32
250 1 2829 125
