5
500
858
100
1 14
1 8 21 37 57 86 106 155 158 326 411
1 8 182 57 86 106 155 227 318 326 411
1 8 93 37 57 86 106 155 260 326 411
1 8 42 57 86 106 155 227 260 326 411
1 8 61 57 86 106 155 158 227 260 411
1 8 165 37 57 155 158 260 318 326 411
1 8 296 37 57 86 106 155 158 227 326
1 8 54 37 57 86 106 155 227 260 318
1 8 65 37 57 86 106 155 158 318 411
1 8 86 37 86 106 155 158 227 260 411
1 8 46 37 57 86 155 158 227 260 326
1 8 137 57 86 158 227 260 318 326 411
1 8 72 37 57 106 155 158 227 260 411
1 8 146 86 106 158 227 260 318 326 411
2 13
2 6 56 32 191 268 284 365 377
2 6 78 158 191 268 284 354 377
2 6 229 46 158 191 284 354 377
2 6 123 32 191 268 354 365 377
2 6 209 46 191 284 354 365 377
2 6 65 32 46 158 354 365 377
2 6 223 158 191 284 354 365 377
2 6 86 32 46 191 284 354 377
2 6 56 32 46 268 354 365 377
2 6 197 158 191 268 284 365 377
2 6 62 32 158 191 268 284 365
2 6 232 32 46 158 284 365 377
2 6 113 46 158 268 284 354 377
3 10
3 1 160 19
3 1 68 45
3 1 96 38
3 1 85 16
3 1 66 41
3 1 106 18
3 1 233 2
3 1 217 23
3 1 254 35
3 1 88 8
4 3
4 2 163 7 46
4 2 82 7 397
4 2 72 46 397
5 3
5 2 175 7 345
5 2 77 7 70
5 2 167 70 345
6 14
6 7 226 1 24 53 102 169 288 345
6 7 93 1 24 53 71 102 288 343
6 7 111 53 71 102 169 288 343 345
6 7 146 53 71 169 288 343 345 398
6 7 182 1 53 71 102 169 343 398
6 7 111 1 53 169 288 343 345 398
6 7 181 24 53 71 102 169 288 345
6 7 83 24 53 102 169 288 343 345
6 7 141 1 24 53 71 288 343 345
6 7 213 1 24 102 169 288 343 345
6 7 109 24 53 71 102 169 343 398
6 7 89 1 24 71 169 288 343 345
6 7 116 1 24 53 102 343 345 398
6 7 215 1 24 102 288 343 345 398
7 8
7 4 91 50 178 343 406
7 4 122 142 343 406 428
7 4 233 142 178 343 428
7 4 99 50 178 343 428
7 4 174 142 178 406 428
7 4 87 50 142 178 406
7 4 155 50 343 406 428
7 4 188 178 343 406 428
8 13
8 5 241 87 250 406 431 460
8 5 159 87 250 292 406 460
8 5 162 87 236 292 406 431
8 5 171 250 292 406 431 460
8 5 174 87 236 292 406 460
8 5 122 87 236 250 292 460
8 5 138 236 250 292 406 460
8 5 131 87 250 292 431 460
8 5 119 87 236 250 406 431
8 5 276 87 236 292 431 460
8 5 281 87 236 250 292 406
8 5 144 87 250 292 406 431
8 5 200 236 250 406 431 460
9 16
9 6 257 96 298 312 322 340 368
9 6 333 96 123 236 322 340 368
9 6 113 96 236 298 340 368 495
9 6 252 96 123 236 312 322 495
9 6 125 96 123 298 312 322 368
9 6 226 96 123 236 298 312 322
9 6 106 96 236 298 312 322 340
9 6 194 96 123 236 322 340 495
9 6 268 96 236 298 322 340 495
9 6 424 123 236 298 312 340 368
9 6 174 96 123 236 298 368 495
9 6 219 123 236 312 340 368 495
9 6 219 123 236 322 340 368 495
9 6 157 96 123 236 298 322 368
9 6 170 123 236 298 312 368 495
9 6 280 123 312 322 340 368 495
10 13
10 1 194 208
10 1 314 128
10 1 348 352
10 1 129 428
10 1 202 336
10 1 140 270
10 1 217 267
10 1 144 113
10 1 233 103
10 1 146 314
10 1 214 74
10 1 169 73
10 1 142 300
11 3
11 2 296 241 434
11 2 160 241 495
11 2 213 434 495
12 20
12 7 263 10 143 203 247 258 416 463
12 7 229 10 143 203 241 339 416 469
12 7 169 10 143 241 247 258 463 469
12 7 219 10 203 241 247 258 416 463
12 7 152 143 241 247 258 339 416 469
12 7 296 10 143 203 241 247 258 339
12 7 259 241 247 258 339 416 463 469
12 7 157 10 241 247 258 339 416 463
12 7 176 143 203 241 258 339 416 469
12 7 138 10 143 241 247 416 463 469
12 7 224 10 143 203 258 339 416 463
12 7 369 143 203 241 247 416 463 469
12 7 262 10 143 203 241 247 258 416
12 7 139 143 203 241 247 258 416 469
12 7 149 143 203 258 339 416 463 469
12 7 212 143 203 241 339 416 463 469
12 7 240 10 203 241 258 339 416 469
12 7 153 10 143 203 241 258 339 416
12 7 253 143 203 241 247 339 416 463
12 7 170 10 143 203 247 339 463 469
13 3
13 2 214 116 160
13 2 191 143 160
13 2 190 116 143
14 8
14 4 204 16 64 266 363
14 4 213 16 116 204 266
14 4 222 16 64 116 204
14 4 172 64 116 204 363
14 4 195 116 204 266 363
14 4 235 16 64 204 363
14 4 257 16 64 116 266
14 4 333 64 116 204 266
15 13
15 9 256 45 103 119 141 363 395 424 466 486
15 9 278 45 103 145 255 380 395 424 458 486
15 9 315 45 119 141 145 255 380 458 466 486
15 9 210 119 145 255 363 380 424 458 466 486
15 9 306 119 141 145 363 380 395 424 458 466
15 9 192 103 141 145 255 363 380 458 466 486
15 9 199 45 103 119 363 380 395 424 458 466
15 9 284 103 119 141 145 255 424 458 466 486
15 9 177 103 119 141 145 363 424 458 466 486
15 9 317 45 103 119 141 363 380 395 458 466
15 9 178 45 103 119 141 255 380 395 458 466
15 9 324 45 103 119 145 363 395 458 466 486
15 9 210 45 119 141 363 395 424 458 466 486
16 12
16 5 296 59 152 159 207 277
16 5 184 59 152 207 233 277
16 5 307 59 159 207 277 424
16 5 180 59 152 159 233 277
16 5 314 159 207 233 277 424
16 5 255 59 152 233 277 424
16 5 214 59 152 159 207 233
16 5 301 152 207 233 277 424
16 5 186 59 159 207 233 424
16 5 330 152 159 233 277 424
16 5 286 152 159 207 233 424
16 5 340 59 152 207 277 424
17 13
17 1 346 105
17 1 338 66
17 1 274 74
17 1 297 27
17 1 355 29
17 1 304 22
17 1 377 102
17 1 381 154
17 1 212 130
17 1 307 93
17 1 198 142
17 1 327 100
17 1 215 37
18 2
18 1 257 422
18 1 245 159
19 4
19 3 210 221 283 309
19 3 292 283 309 422
19 3 431 221 283 422
19 3 420 221 309 422
20 18
20 9 349 39 162 189 192 221 235 315 353 489
20 9 224 39 68 132 162 192 221 235 393 489
20 9 280 39 68 162 189 192 221 315 393 489
20 9 269 39 132 189 221 235 315 353 393 489
20 9 288 68 132 162 189 221 235 353 393 489
20 9 337 39 68 162 189 221 235 315 353 393
20 9 266 39 68 192 221 235 315 353 393 489
20 9 341 39 132 162 189 192 221 315 353 489
20 9 282 68 132 162 189 192 221 235 315 353
20 9 239 68 132 162 189 192 221 315 353 489
20 9 297 39 132 189 192 221 315 353 393 489
20 9 209 68 132 192 221 235 315 353 393 489
20 9 234 39 68 162 189 192 235 315 353 393
20 9 305 39 132 162 189 192 235 353 393 489
20 9 257 39 68 132 162 189 192 221 315 489
20 9 268 39 68 132 162 189 192 235 315 393
20 9 225 39 68 162 192 221 235 315 353 489
20 9 220 39 68 132 162 189 192 235 393 489
21 18
21 6 302 56 66 189 244 447 467
21 6 244 189 244 361 372 415 447
21 6 220 66 244 361 372 415 467
21 6 214 56 66 361 372 447 467
21 6 223 66 189 244 372 447 467
21 6 216 56 361 372 415 447 467
21 6 243 56 66 189 361 415 467
21 6 323 56 189 244 361 372 467
21 6 244 66 189 372 415 447 467
21 6 342 56 189 244 361 415 447
21 6 309 56 66 189 361 372 467
21 6 284 56 66 244 415 447 467
21 6 234 56 189 361 372 415 467
21 6 271 56 189 244 361 447 467
21 6 278 56 244 361 415 447 467
21 6 294 66 189 361 372 415 467
21 6 339 56 66 189 244 361 415
21 6 294 66 189 361 415 447 467
22 8
22 3 240 295 476 478
22 3 260 165 295 478
22 3 319 66 165 476
22 3 401 66 165 295
22 3 285 66 295 478
22 3 298 165 476 478
22 3 272 165 295 476
22 3 267 66 165 478
23 4
23 3 257 65 165 382
23 3 229 65 183 382
23 3 288 165 183 382
23 3 363 65 165 183
24 12
24 1 415 172
24 1 334 338
24 1 375 277
24 1 248 80
24 1 409 354
24 1 321 161
24 1 247 158
24 1 405 55
24 1 263 280
24 1 243 198
24 1 368 356
24 1 258 154
25 2
25 1 320 131
25 1 262 382
26 2
26 1 265 131
26 1 277 441
27 3
27 2 411 267 342
27 2 417 342 441
27 2 396 267 441
28 11
28 1 439 80
28 1 317 172
28 1 377 185
28 1 369 180
28 1 379 179
28 1 403 189
28 1 325 209
28 1 391 276
28 1 455 32
28 1 330 165
28 1 382 81
29 12
29 4 359 342 362 383 485
29 4 344 181 342 362 485
29 4 438 181 342 383 485
29 4 357 223 362 383 485
29 4 397 181 223 342 362
29 4 375 181 223 362 485
29 4 334 181 223 383 485
29 4 319 223 342 362 485
29 4 440 181 223 342 383
29 4 388 181 362 383 485
29 4 373 181 342 362 383
29 4 396 223 342 383 485
30 2
30 1 401 383
30 1 323 150
31 15
31 15 379 15 38 51 147 150 328 338 349 386 390 407 444 453 474 482
31 15 434 15 38 97 99 147 150 200 253 328 338 349 386 453 474 482
31 15 428 38 51 97 99 147 200 253 328 337 349 390 407 444 474 482
31 15 322 15 38 97 99 147 200 253 337 349 386 390 444 453 474 482
31 15 330 15 38 99 147 150 200 253 328 338 349 386 390 407 444 453
31 15 380 15 38 51 97 147 150 253 328 337 338 386 390 407 453 482
31 15 444 15 38 147 150 200 253 328 338 349 386 390 407 444 453 474
31 15 325 15 51 97 99 150 253 337 338 349 390 407 444 453 474 482
31 15 323 38 51 97 99 147 150 253 328 337 338 349 386 407 444 474
31 15 355 15 38 51 97 99 147 200 328 337 338 349 390 444 453 474
31 15 410 15 38 99 147 150 328 337 338 349 390 407 444 453 474 482
31 15 409 38 51 97 99 150 200 328 337 338 349 386 390 444 453 474
31 15 359 15 38 51 97 99 147 150 253 328 337 338 349 390 407 474
31 15 330 15 38 97 147 253 328 337 338 349 386 407 444 453 474 482
31 15 390 15 51 97 99 150 200 253 328 338 390 407 444 453 474 482
32 7
32 3 443 75 77 210
32 3 392 77 272 474
32 3 331 75 77 272
32 3 371 75 272 474
32 3 352 77 210 272
32 3 364 75 77 474
32 3 345 75 210 272
33 10
33 6 450 22 34 125 138 210 307
33 6 513 34 125 138 174 210 307
33 6 455 22 34 36 125 138 307
33 6 361 22 34 36 125 174 210
33 6 342 22 36 138 174 210 307
33 6 410 22 34 36 125 174 307
33 6 395 22 36 125 138 174 210
33 6 364 22 34 36 174 210 307
33 6 442 22 34 36 138 174 307
33 6 370 22 125 138 174 210 307
34 9
34 6 397 25 90 134 138 157 187
34 6 370 90 128 134 138 187 356
34 6 420 25 90 138 157 187 356
34 6 481 25 90 128 138 157 187
34 6 448 90 134 138 157 187 356
34 6 402 25 90 128 134 157 187
34 6 422 90 128 134 138 157 356
34 6 469 25 90 128 134 138 356
34 6 351 25 90 128 134 187 356
35 9
35 3 553 52 81 157
35 3 470 69 114 157
35 3 551 52 81 114
35 3 377 52 69 81
35 3 460 52 69 157
35 3 503 81 114 157
35 3 378 69 81 114
35 3 352 69 81 157
35 3 458 52 114 157
36 9
36 3 534 52 238 456
36 3 498 52 219 238
36 3 421 52 219 456
36 3 436 52 219 435
36 3 413 238 435 456
36 3 401 219 238 456
36 3 459 52 238 435
36 3 632 52 435 456
36 3 467 219 435 456
37 2
37 1 426 14
37 1 374 456
38 2
38 1 445 202
38 1 396 14
39 14
39 17 499 42 127 135 173 234 252 286 303 314 327 333 335 364 381 423 488 496
39 17 674 42 127 173 184 234 252 286 302 327 333 335 364 381 388 420 423 488
39 17 424 42 127 135 202 224 234 286 302 314 327 333 335 364 381 388 423 488
39 17 429 42 127 135 173 184 202 224 234 286 302 303 314 364 381 388 488 496
39 17 399 42 127 184 202 224 234 252 302 314 327 335 364 381 420 423 488 496
39 17 430 42 127 135 173 224 234 252 286 302 303 314 327 335 364 381 388 496
39 17 385 42 127 135 173 202 224 252 286 303 314 327 335 381 388 423 488 496
39 17 580 42 127 135 184 202 224 252 302 333 335 364 381 388 420 423 488 496
39 17 397 42 127 135 173 224 234 252 302 303 327 333 335 364 381 420 423 488
39 17 394 42 127 184 202 224 234 252 286 302 314 327 333 381 388 420 423 496
39 17 394 127 135 173 184 202 224 252 302 303 314 327 333 381 388 420 423 496
39 17 393 42 127 135 173 224 234 252 286 302 303 314 333 364 388 420 423 488
39 17 391 127 135 173 202 224 234 252 286 302 303 314 333 335 381 388 420 423
39 17 448 42 127 173 184 202 224 234 252 286 314 327 333 364 381 420 488 496
40 10
40 5 489 83 195 274 278 423
40 5 461 195 274 278 324 423
40 5 448 83 195 274 278 324
40 5 443 30 83 195 324 423
40 5 483 30 83 195 274 278
40 5 430 30 83 274 324 423
40 5 483 30 83 195 274 423
40 5 515 30 83 274 278 324
40 5 521 83 195 278 324 423
40 5 472 30 83 195 278 423
41 4
41 3 614 195 240 457
41 3 577 240 455 457
41 3 443 149 240 457
41 3 484 195 455 457
42 2
42 1 474 240
42 1 578 409
43 6
43 4 492 21 91 347 409
43 4 512 21 91 300 347
43 4 554 21 91 217 300
43 4 449 217 300 347 409
43 4 436 91 217 300 347
43 4 442 91 217 347 409
44 13
44 9 531 44 109 118 167 194 198 208 293 325
44 9 483 21 44 54 55 109 167 208 293 331
44 9 497 21 54 55 118 167 194 198 293 325
44 9 646 21 44 109 118 194 198 293 325 331
44 9 600 44 55 109 167 194 198 208 293 325
44 9 508 21 55 109 118 167 194 198 325 331
44 9 736 21 44 55 109 118 167 208 325 331
44 9 635 44 55 109 118 167 194 198 293 325
44 9 593 21 54 55 109 167 208 293 325 331
44 9 519 21 44 109 118 198 208 293 325 331
44 9 548 21 44 54 55 118 167 208 293 331
44 9 536 21 44 54 118 167 194 198 293 325
44 9 618 21 54 55 167 194 198 208 325 331
45 11
45 4 658 89 304 360 413
45 4 539 89 304 360 475
45 4 613 89 293 413 475
45 4 523 89 293 304 475
45 4 610 89 293 304 360
45 4 802 89 360 413 475
45 4 597 293 304 360 475
45 4 606 293 304 360 413
45 4 572 293 304 413 475
45 4 729 89 293 304 413
45 4 550 304 360 413 475
46 9
46 4 613 248 376 430 475
46 4 573 92 248 251 475
46 4 542 248 251 376 475
46 4 577 92 248 430 475
46 4 689 92 251 376 430
46 4 594 248 251 376 430
46 4 550 92 248 376 430
46 4 663 92 248 251 430
46 4 594 92 376 430 475
47 2
47 1 627 305
47 1 715 92
48 13
48 6 659 78 281 305 346 427 450
48 6 625 275 281 305 346 387 450
48 6 685 78 305 346 387 427 450
48 6 806 78 275 281 305 427 450
48 6 619 275 305 346 387 427 450
48 6 629 78 275 281 305 346 427
48 6 597 275 281 305 346 427 450
48 6 740 78 275 281 387 427 450
48 6 660 78 275 281 346 387 427
48 6 665 78 281 305 387 427 450
48 6 590 78 281 305 346 387 450
48 6 650 281 305 346 387 427 450
48 6 596 78 275 281 305 387 450
49 2
49 1 633 275
49 1 613 154
50 4
50 3 838 136 229 490
50 3 610 154 229 490
50 3 649 136 154 229
50 3 782 136 154 490
51 2
51 1 673 229
51 1 704 355
52 14
52 6 690 72 129 289 355 454 465
52 6 750 72 129 261 289 355 454
52 6 682 126 129 261 289 355 465
52 6 692 72 126 129 261 454 465
52 6 802 72 126 129 289 355 454
52 6 831 72 126 261 355 454 465
52 6 851 72 126 261 289 355 454
52 6 836 126 129 261 289 355 454
52 6 796 72 126 129 261 355 454
52 6 915 72 126 129 355 454 465
52 6 687 72 126 129 261 289 465
52 6 809 72 126 261 289 454 465
52 6 710 126 129 261 289 454 465
52 6 750 72 129 261 289 355 465
53 12
53 1 790 20
53 1 752 26
53 1 809 52
53 1 767 11
53 1 740 45
53 1 723 30
53 1 705 60
53 1 768 28
53 1 701 35
53 1 750 42
53 1 894 37
53 1 698 6
54 7
54 3 753 72 226 394
54 3 792 133 226 394
54 3 875 72 226 461
54 3 897 72 133 394
54 3 754 226 394 461
54 3 776 133 394 461
54 3 832 133 226 461
55 15
55 1 1009 194
55 1 911 72
55 1 848 110
55 1 841 3
55 1 845 146
55 1 837 143
55 1 856 170
55 1 860 119
55 1 974 221
55 1 807 6
55 1 896 94
55 1 947 197
55 1 824 161
55 1 810 101
55 1 882 67
56 11
56 5 835 62 276 417 442 492
56 5 802 62 226 276 442 480
56 5 881 226 276 442 480 492
56 5 844 226 417 442 480 492
56 5 802 62 417 442 480 492
56 5 892 226 276 417 442 492
56 5 810 62 226 276 442 492
56 5 853 62 226 276 417 442
56 5 823 62 276 417 442 480
56 5 834 276 417 442 480 492
56 5 1007 62 226 276 480 492
57 3
57 2 902 62 374
57 2 945 279 374
57 2 818 62 279
58 10
58 8 843 18 29 31 186 222 259 294 408
58 8 885 18 29 31 179 259 279 294 408
58 8 916 18 29 31 179 222 279 294 358
58 8 1031 18 29 31 179 186 222 279 358
58 8 953 18 29 186 222 259 279 358 408
58 8 938 18 29 31 179 186 259 294 358
58 8 1014 18 29 31 179 186 279 294 408
58 8 926 29 31 179 186 222 259 279 408
58 8 1019 18 29 31 186 259 279 358 408
58 8 861 18 29 31 179 222 259 294 408
59 2
59 1 859 418
59 1 901 179
60 2
60 1 889 418
60 1 912 170
61 16
61 1 1005 119
61 1 1094 72
61 1 997 126
61 1 919 70
61 1 1026 142
61 1 1034 148
61 1 995 2
61 1 898 66
61 1 904 16
61 1 935 40
61 1 927 93
61 1 960 102
61 1 970 68
61 1 925 91
61 1 920 145
61 1 1083 100
62 3
62 2 912 170 443
62 2 1025 105 170
62 2 934 105 443
63 22
63 26 994 4 8 12 20 60 74 121 172 176 206 216 264 290 291 301 316 332 351 366 384 385 396 412 421 425 464
63 26 930 8 12 20 74 121 151 164 172 176 185 228 264 290 301 329 332 351 366 384 385 412 421 425 443 464 468
63 26 1056 8 12 74 121 151 164 172 176 197 206 216 242 264 290 291 301 316 329 351 366 384 421 425 443 464 468
63 26 961 8 12 20 151 164 176 185 197 206 216 228 242 264 290 291 316 351 366 384 396 412 421 425 443 464 468
63 26 962 4 12 60 121 151 172 176 185 197 206 216 228 242 264 290 291 316 332 351 366 384 385 396 421 443 464
63 26 1019 4 8 12 60 74 121 151 164 172 185 197 206 216 264 291 301 316 332 351 384 385 412 421 425 464 468
63 26 997 4 12 60 74 121 164 172 176 185 197 206 228 242 291 301 316 329 332 351 366 385 396 412 421 443 464
63 26 924 4 8 20 60 74 151 164 172 176 197 206 216 228 242 264 301 316 329 332 351 366 385 396 425 464 468
63 26 972 4 8 12 20 74 151 164 172 176 185 197 206 216 242 264 301 316 329 332 351 384 385 412 421 425 443
63 26 1035 4 8 12 20 74 121 151 172 185 197 206 216 228 264 290 291 301 329 332 351 366 384 396 425 443 468
63 26 1064 4 8 12 20 60 121 164 172 176 185 206 228 242 264 290 332 351 366 384 385 396 412 425 443 464 468
63 26 950 4 8 20 60 74 151 164 176 206 216 242 264 291 301 316 329 332 351 384 385 396 412 421 425 443 468
63 26 1034 4 8 12 20 60 74 172 176 185 197 206 216 228 242 264 301 329 351 366 384 385 421 425 443 464 468
63 26 926 4 8 12 20 74 121 151 164 176 185 197 206 216 228 242 264 291 301 316 332 351 366 384 421 443 468
63 26 1063 12 74 121 172 176 185 197 216 228 242 264 291 301 316 329 332 351 366 385 396 412 421 425 443 464 468
63 26 1066 4 8 12 20 60 74 151 164 172 176 185 206 216 242 264 301 316 329 351 384 396 412 425 443 464 468
63 26 1038 8 60 74 121 151 164 176 185 197 206 216 228 242 264 290 291 301 329 332 351 385 396 412 421 443 468
63 26 1021 8 12 20 74 121 151 164 172 176 185 197 228 242 264 291 301 316 329 332 351 412 421 425 443 464 468
63 26 960 4 8 12 20 60 121 164 176 185 197 206 216 228 242 316 332 351 366 384 385 396 412 421 425 464 468
63 26 951 12 60 74 121 151 164 176 197 206 216 228 264 290 301 316 329 351 366 384 385 396 412 425 443 464 468
63 26 951 4 8 12 20 151 164 172 176 197 206 228 242 264 290 291 301 316 329 332 351 385 412 421 425 464 468
63 26 1110 4 8 20 74 121 151 172 176 185 197 216 228 242 264 290 301 332 351 366 384 396 412 421 425 443 468
64 19
64 15 965 26 95 177 185 193 201 213 215 350 369 379 392 429 479 481
64 15 1157 47 95 98 108 177 213 215 348 350 379 392 402 429 479 481
64 15 1001 26 95 98 177 185 201 213 348 350 369 379 392 402 429 479
64 15 948 26 47 98 108 177 193 201 213 215 348 350 369 379 429 479
64 15 989 26 47 95 108 177 185 193 201 213 215 350 369 402 429 479
64 15 977 26 95 108 177 185 201 213 348 350 369 379 392 402 429 479
64 15 1113 26 95 98 177 193 201 213 215 348 350 369 379 402 429 481
64 15 967 47 95 98 108 177 185 193 201 215 348 379 392 402 429 479
64 15 1019 26 47 95 177 185 193 201 215 348 369 392 402 429 479 481
64 15 974 26 47 95 98 108 185 193 213 215 348 350 392 402 429 481
64 15 961 47 95 98 177 185 193 201 213 215 369 379 392 402 479 481
64 15 1149 47 95 98 108 185 193 201 213 215 348 350 369 402 429 481
64 15 993 26 47 95 98 108 185 193 213 215 350 369 392 402 479 481
64 15 1014 26 95 108 177 185 201 213 348 350 369 379 392 402 429 481
64 15 928 26 95 98 108 185 193 201 213 350 369 379 392 429 479 481
64 15 972 47 95 98 108 177 185 193 201 348 350 379 402 429 479 481
64 15 980 95 98 108 177 185 213 215 348 350 369 379 402 429 479 481
64 15 1013 26 95 108 177 185 193 201 213 215 348 379 392 402 429 481
64 15 1057 26 47 95 98 108 193 213 215 348 350 379 392 402 479 481
65 22
65 10 969 5 49 88 182 231 232 262 399 403 493
65 10 1009 5 49 182 230 231 232 262 270 401 403
65 10 976 49 88 182 230 231 232 270 399 401 403
65 10 1036 49 88 182 231 270 369 399 401 403 493
65 10 1043 5 182 230 231 232 262 270 399 401 403
65 10 1086 5 49 88 230 231 232 270 369 399 401
65 10 1056 5 88 230 232 270 369 399 401 403 493
65 10 1005 5 182 230 231 232 262 369 399 401 403
65 10 996 5 88 182 230 232 262 399 401 403 493
65 10 1062 88 182 231 232 270 369 399 401 403 493
65 10 956 5 88 182 230 232 262 270 399 401 493
65 10 1119 5 49 88 182 230 231 262 270 403 493
65 10 1000 5 88 230 231 232 262 369 399 401 403
65 10 968 49 88 182 230 231 262 270 399 401 403
65 10 1072 5 49 88 182 230 231 262 270 399 493
65 10 1070 5 49 182 230 232 262 369 399 403 493
65 10 1112 5 88 182 230 231 232 262 369 401 403
65 10 1089 5 88 231 232 270 369 399 401 403 493
65 10 988 5 49 88 231 232 369 399 401 403 493
65 10 991 5 88 182 230 270 369 399 401 403 493
65 10 1012 49 88 182 230 231 232 262 369 399 401
65 10 980 49 88 230 231 232 262 270 369 399 401
66 10
66 3 980 79 156 220
66 3 1003 79 156 399
66 3 983 220 399 470
66 3 1253 156 220 399
66 3 964 156 399 470
66 3 996 79 220 470
66 3 1117 156 220 470
66 3 1037 79 399 470
66 3 1176 79 220 399
66 3 1065 79 156 470
67 14
67 6 1052 11 79 282 310 359 438
67 6 1168 11 79 111 282 310 359
67 6 1074 11 27 111 310 359 438
67 6 1124 11 27 79 111 282 310
67 6 1086 11 27 111 282 310 359
67 6 1080 11 27 79 282 310 438
67 6 1151 79 111 282 310 359 438
67 6 1082 11 27 79 310 359 438
67 6 1149 27 79 111 282 359 438
67 6 1239 11 27 79 111 359 438
67 6 1049 11 27 79 111 282 438
67 6 1039 27 79 282 310 359 438
67 6 1112 27 79 111 282 310 438
67 6 1159 27 79 111 282 310 359
68 3
68 2 1060 43 359
68 2 1099 256 359
68 2 1122 43 256
69 12
69 1 1047 246
69 1 1042 72
69 1 1099 19
69 1 1084 186
69 1 1104 94
69 1 1119 58
69 1 1132 117
69 1 1240 207
69 1 1249 42
69 1 1087 153
69 1 1117 201
69 1 1072 106
70 3
70 2 1163 336 400
70 2 1097 256 336
70 2 1192 256 400
71 3
71 2 1249 336 375
71 2 1121 211 336
71 2 1276 211 375
72 3
72 2 1205 35 373
72 2 1154 211 373
72 2 1197 35 211
73 7
73 5 1210 33 35 130 245 341
73 5 1244 35 130 245 341 448
73 5 1277 33 100 130 245 341
73 5 1201 33 100 130 341 448
73 5 1207 33 35 100 245 341
73 5 1278 33 35 100 130 448
73 5 1307 33 35 130 245 448
74 2
74 1 1222 280
74 1 1242 130
75 8
75 3 1220 110 280 494
75 3 1312 110 166 323
75 3 1220 166 280 494
75 3 1262 110 166 280
75 3 1286 110 166 494
75 3 1195 110 280 323
75 3 1296 280 323 494
75 3 1245 166 280 323
76 13
76 4 1230 166 212 419 498
76 4 1185 61 146 212 498
76 4 1194 61 146 419 498
76 4 1314 61 212 419 498
76 4 1199 61 146 166 498
76 4 1218 61 166 212 419
76 4 1295 61 166 212 498
76 4 1185 146 212 419 498
76 4 1300 146 166 419 498
76 4 1210 61 146 166 419
76 4 1253 61 146 166 212
76 4 1187 61 146 212 419
76 4 1284 61 166 419 498
77 3
77 2 1348 146 449
77 2 1189 3 449
77 2 1226 3 146
78 11
78 6 1191 124 163 311 371 445 449
78 6 1292 124 163 311 426 445 449
78 6 1217 163 311 426 445 449 483
78 6 1228 124 163 308 311 371 445
78 6 1239 308 311 371 426 445 483
78 6 1229 124 163 308 371 449 483
78 6 1199 124 163 311 371 445 483
78 6 1201 163 311 371 426 445 449
78 6 1291 124 163 308 311 371 483
78 6 1259 124 163 308 311 426 449
78 6 1281 163 308 426 445 449 483
79 9
79 3 1477 73 148 306
79 3 1290 209 306 426
79 3 1239 73 209 306
79 3 1300 148 209 426
79 3 1413 73 306 426
79 3 1361 73 148 426
79 3 1233 73 209 426
79 3 1406 148 306 426
79 3 1234 148 209 306
80 3
80 3 1317 209 313 477
80 3 1381 112 209 477
80 3 1375 112 313 477
81 12
81 5 1267 17 84 214 321 477
81 5 1374 17 84 321 436 477
81 5 1305 84 214 317 321 436
81 5 1312 214 317 321 436 477
81 5 1327 17 84 317 321 477
81 5 1343 17 214 317 321 477
81 5 1365 17 214 317 436 477
81 5 1371 17 214 317 321 436
81 5 1315 17 84 317 436 477
81 5 1389 17 84 214 317 477
81 5 1343 17 84 317 321 436
81 5 1444 17 317 321 436 477
82 6
82 4 1276 19 175 330 344
82 4 1356 19 67 330 344
82 4 1317 67 175 330 436
82 4 1383 67 175 344 436
82 4 1319 19 67 330 436
82 4 1313 67 330 344 436
83 3
83 2 1429 239 330
83 2 1393 249 330
83 2 1324 239 249
84 16
84 8 1322 85 107 239 269 378 432 440 472
84 8 1339 85 107 188 239 257 269 432 472
84 8 1361 85 239 257 378 432 433 440 472
84 8 1411 85 107 239 257 269 378 432 433
84 8 1353 107 239 257 269 378 432 440 472
84 8 1448 107 188 239 257 378 432 433 440
84 8 1394 107 239 269 378 432 433 440 472
84 8 1378 107 188 239 378 432 433 440 472
84 8 1342 85 107 188 239 269 378 432 433
84 8 1420 188 239 257 269 378 432 433 440
84 8 1481 85 107 188 239 257 432 433 440
84 8 1505 107 188 239 257 269 378 440 472
84 8 1437 107 188 239 269 432 433 440 472
84 8 1357 85 188 239 257 269 432 440 472
84 8 1338 85 107 188 239 257 378 440 472
84 8 1421 85 107 188 239 257 269 378 432
85 14
85 8 1393 76 94 104 120 237 246 497 499
85 8 1368 76 94 107 120 237 357 404 499
85 8 1555 76 94 120 237 246 357 404 497
85 8 1358 76 94 104 107 120 237 246 404
85 8 1358 94 104 107 120 237 246 357 499
85 8 1367 76 94 104 120 357 404 497 499
85 8 1422 76 94 107 120 237 246 497 499
85 8 1463 76 94 104 107 237 246 404 497
85 8 1464 76 94 104 120 237 246 404 497
85 8 1486 76 94 104 107 120 357 404 497
85 8 1491 76 94 107 120 237 246 357 497
85 8 1350 76 104 120 237 246 357 404 497
85 8 1370 104 107 120 246 357 404 497 499
85 8 1345 76 94 104 120 237 357 404 499
86 11
86 7 1517 2 23 120 273 459 484 491
86 7 1448 23 120 297 459 462 484 491
86 7 1429 2 120 263 297 459 462 491
86 7 1450 23 273 297 459 462 484 491
86 7 1479 2 23 263 273 297 459 462
86 7 1468 2 23 120 273 462 484 491
86 7 1549 2 23 273 297 462 484 491
86 7 1490 2 23 273 297 459 462 491
86 7 1554 120 263 297 459 462 484 491
86 7 1461 2 23 120 263 273 484 491
86 7 1435 2 23 120 263 273 297 484
87 3
87 2 1452 6 462
87 2 1499 451 462
87 2 1450 6 451
88 10
88 6 1477 40 122 140 196 334 414
88 6 1479 6 82 196 334 389 414
88 6 1618 6 40 82 122 196 414
88 6 1522 6 140 196 334 389 414
88 6 1633 6 40 122 140 334 414
88 6 1604 6 122 196 334 389 414
88 6 1630 6 40 82 122 334 389
88 6 1503 6 40 82 140 334 414
88 6 1528 6 82 140 196 334 414
88 6 1482 6 40 82 196 334 389
89 3
89 2 1751 82 265
89 2 1555 82 93
89 2 1509 93 265
90 12
90 1 1505 264
90 1 1502 81
90 1 1610 246
90 1 1571 40
90 1 1509 258
90 1 1604 164
90 1 1727 46
90 1 1705 185
90 1 1761 228
90 1 1511 160
90 1 1515 225
90 1 1499 262
91 9
91 5 1691 171 190 225 285 500
91 5 1636 190 225 265 285 500
91 5 1718 171 225 265 285 500
91 5 1639 171 190 225 265 446
91 5 1571 171 190 265 285 500
91 5 1681 171 190 225 265 285
91 5 1767 171 225 265 446 500
91 5 1614 171 190 225 285 446
91 5 1576 171 190 285 446 500
92 3
92 2 1741 296 500
92 2 1822 296 319
92 2 1849 319 500
93 7
93 3 1777 13 137 437
93 3 1773 13 168 437
93 3 1730 168 296 437
93 3 1864 13 296 437
93 3 1744 137 296 437
93 3 1747 137 168 296
93 3 1783 13 137 296
94 2
94 1 1777 13
94 1 1712 352
95 10
95 6 1873 48 63 243 287 352 471
95 6 1947 58 63 199 218 243 287
95 6 1845 48 58 63 218 243 287
95 6 1878 48 63 218 243 287 471
95 6 1776 48 58 243 287 352 471
95 6 1763 48 58 63 199 243 471
95 6 1859 63 199 218 243 287 471
95 6 1786 58 63 199 243 287 471
95 6 1768 48 58 63 218 243 352
95 6 1796 63 199 218 287 352 471
96 3
96 2 1856 58 391
96 2 1911 28 58
96 2 1919 28 391
97 11
97 5 1927 28 101 117 144 153
97 5 1912 28 113 117 144 205
97 5 1982 28 101 113 144 153
97 5 1906 28 117 144 153 205
97 5 2031 101 113 144 153 205
97 5 1909 28 101 113 117 153
97 5 1931 28 101 117 153 205
97 5 1965 28 113 117 153 205
97 5 2205 113 117 144 153 205
97 5 2022 101 113 117 144 153
97 5 2098 28 101 113 117 144
98 8
98 3 2130 101 299 405
98 3 1923 115 299 405
98 3 1925 299 405 439
98 3 2035 101 115 439
98 3 1929 115 299 439
98 3 1923 101 115 299
98 3 2077 101 115 405
98 3 2067 115 405 439
99 2
99 1 1934 41
99 1 2035 439
100 19
100 11 2293 9 41 139 180 254 271 320 367 370 452 487
100 11 2293 9 80 161 254 271 320 367 370 410 452 473
100 11 2197 9 41 80 139 180 254 271 320 370 452 487
100 11 2276 80 161 180 254 271 367 370 410 452 473 487
100 11 2241 9 41 139 161 180 320 367 370 410 452 473
100 11 2231 41 80 139 161 254 271 367 370 410 452 473
100 11 2294 9 41 80 161 180 271 320 370 410 473 487
100 11 2233 9 80 139 161 180 254 271 367 452 473 487
100 11 2204 80 139 161 180 254 271 320 367 370 410 487
100 11 2247 9 41 80 139 161 254 271 320 367 452 487
100 11 2366 9 41 80 139 161 180 271 370 410 452 473
100 11 2329 9 41 139 161 254 320 370 410 452 473 487
100 11 2266 41 80 161 180 254 271 320 367 370 452 473
100 11 2267 41 80 139 180 254 320 367 370 410 452 473
100 11 2213 9 41 80 139 161 271 320 370 410 473 487
100 11 2214 9 139 161 180 271 320 367 370 410 452 487
100 11 2303 9 41 139 161 254 271 320 367 370 452 487
100 11 2263 9 41 139 180 271 320 370 410 452 473 487
100 11 2223 9 139 161 180 254 271 320 367 370 410 452
