2
60
50
15
1 5
1 31 532 4 6 7 8 12 14 15 18 21 22 23 24 26 27 29 30 32 33 34 38 39 41 48 50 51 52 54 55 58 59 60
1 31 434 5 6 7 10 12 14 15 18 21 22 23 24 29 30 32 34 35 41 42 43 45 47 48 50 51 52 54 55 58 59 60
1 31 425 6 7 8 10 12 15 18 23 24 26 27 30 32 33 34 36 37 38 39 41 43 45 47 48 50 52 54 55 58 59 60
1 31 1762 4 5 6 7 8 12 14 21 22 23 24 26 27 30 31 32 33 35 39 42 43 45 48 50 51 52 54 55 58 59 60
1 31 722 4 7 8 12 14 18 21 23 27 29 30 31 32 33 34 36 37 38 39 41 42 43 45 47 51 52 54 55 58 59 60
2 2
2 37 2002 4 5 7 8 10 13 15 17 19 20 21 23 27 28 29 30 31 32 33 36 37 39 42 43 44 45 46 48 50 51 52 53 54 55 56 57 60
2 37 2012 3 4 5 6 7 8 10 15 16 17 18 19 22 23 24 26 27 29 30 31 33 36 37 39 42 43 44 45 46 50 52 53 54 55 57 59 60
3 0
4 5
4 11 4665 6 8 16 18 21 26 31 46 52 54 57
4 11 3865 6 8 16 21 26 31 35 44 45 52 57
4 11 2995 6 8 16 21 31 35 44 45 52 54 57
4 11 3465 8 16 18 21 26 35 44 46 52 54 57
4 11 3046 8 16 18 31 35 44 45 46 52 54 57
5 5
5 27 3622 3 7 10 13 17 22 23 24 25 27 28 30 31 35 38 40 42 43 45 46 51 54 56 57 58 59 60
5 27 4522 3 8 10 11 13 20 23 24 25 27 28 30 31 35 38 39 40 43 44 45 46 51 52 54 56 57 58
5 27 4282 3 7 9 10 13 14 17 19 20 23 25 27 28 31 35 38 40 42 43 46 51 54 56 57 58 59 60
5 27 3722 3 8 9 11 13 14 19 20 22 23 24 27 28 30 35 38 39 40 43 45 46 51 52 56 57 58 59
5 27 3552 3 9 10 11 13 14 17 19 20 22 24 25 27 28 30 31 39 40 42 43 44 46 51 52 54 59 60
6 3
6 44 5352 3 4 5 6 7 8 9 10 11 12 14 15 16 17 18 19 20 24 26 27 28 30 31 32 34 35 36 37 38 42 46 47 49 50 51 52 53 54 55 56 57 58 59 60
6 44 5533 4 6 7 8 9 11 13 14 15 17 18 19 21 22 23 24 25 26 27 28 29 30 32 33 34 35 36 37 39 40 41 42 43 44 46 47 48 49 52 54 56 57 58 60
6 44 6102 3 4 6 8 9 10 11 13 14 15 16 18 19 20 21 22 25 26 27 29 30 31 32 33 34 36 39 40 41 43 44 45 47 48 49 50 51 52 54 55 56 58 59 60
7 7
7 11 5526 9 13 17 23 24 27 28 31 36 37 60
7 11 6075 6 9 12 13 23 27 28 31 36 37 60
7 11 5465 6 9 12 13 17 23 27 31 36 37 60
7 11 5835 12 13 17 23 24 26 27 31 36 37 60
7 11 5575 6 12 13 17 23 24 26 28 36 37 60
7 11 5795 6 9 13 17 24 26 28 31 36 37 60
7 11 6335 6 9 17 23 24 26 27 31 36 37 60
8 4
8 11 8543 13 17 23 26 27 31 32 37 41 44 47
8 11 7863 4 13 17 23 24 26 37 41 43 44 47
8 11 9753 13 17 24 26 27 31 32 37 43 44 47
8 11 8133 13 17 22 26 27 31 32 37 41 43 47
9 6
9 14 11785 9 11 14 15 16 18 19 20 25 33 35 41 52 55
9 14 10765 9 11 14 18 19 20 25 35 39 41 52 55 57 59
9 14 11015 11 15 16 18 19 25 30 33 35 39 41 55 57 59
9 14 10819 11 14 16 18 19 20 25 33 35 39 41 52 55 59
9 14 11425 11 14 15 16 18 20 25 33 35 39 41 52 55 59
9 14 10905 9 11 14 15 16 18 19 20 25 33 35 41 57 59
10 3
10 31 13004 5 6 9 12 14 17 18 19 20 26 27 28 31 34 36 38 39 40 41 44 45 46 48 49 50 51 54 55 56 57 58
10 31 12493 4 6 9 14 16 17 19 20 21 22 26 27 28 30 31 34 35 36 38 40 41 45 46 48 49 50 51 54 55 56 58
10 31 12592 3 4 5 9 14 16 17 18 19 20 21 22 26 30 34 35 36 37 39 40 41 46 48 50 51 52 54 55 57 58 59
11 2
11 12 12813 10 15 17 18 25 27 30 37 39 43 44 58
11 12 12754 10 15 18 27 30 37 38 39 41 43 54 58
12 3
12 24 15354 6 8 11 12 14 16 18 20 21 23 24 27 28 29 31 32 40 44 46 50 52 53 55 56
12 24 14004 6 11 12 14 16 18 23 27 28 29 31 32 35 36 37 38 44 47 50 52 55 56 57 60
12 24 14137 14 16 21 23 24 27 28 29 31 32 35 36 37 38 44 46 47 50 52 53 55 56 57 60
13 2
13 23 14252 4 6 8 11 12 13 19 21 25 27 28 31 33 36 40 41 43 44 45 47 54 56 59
13 23 13542 4 8 11 12 13 15 21 25 26 27 31 33 35 37 40 43 44 45 47 50 54 56 59
14 2
14 34 17562 3 4 7 9 10 12 13 14 16 17 19 20 21 23 25 27 28 29 32 33 35 41 42 43 45 46 47 49 50 52 54 56 57 58
14 34 18633 4 5 7 9 10 12 13 16 17 19 21 22 23 25 26 28 29 32 37 40 41 42 43 45 46 47 48 49 50 52 54 56 57 58
15 1
15 23 17505 6 8 10 12 13 14 16 18 19 23 25 26 30 35 36 43 45 46 51 54 56 58 59
